206.783
302.783
319.478
675.565
1012.957
1057.565
1137.913
1140.435
1177.609
1437.826
804.391
900.391
917.087
1273.174
1610.565
1586.208
1663.208
1342.292
340.565
343.087
423.435
680.478
1036.565
1243.348
1339.348
1344.913
1331.625
1347.625
1688.875
2012.208
2104.208
2146.958
2223.958
2473.333
1186.875
1400.652
1756.739
1963.522
2059.522
2076.217
2206.826
2251.435
2331.783
2334.304
2371.478
96
452.087
496.696
513.391
593.739
949.826
965.478
965.478
1029.13
593.739
629.043
835.826
1096.043
1433.435
1789.522
1885.522
1965.87
2001.174
1675.522
1935.739
2273.13
2629.217
2725.217
2001.174
2001.174
2111.957
2449.348
2805.435
2901.435
2981.783
2303.261
2321.957
2338.652
2676.043
2882.826
2918.13
3178.348
1902.217
2258.304
2338.652
2434.652
2772.043
2852.391
3059.174
3319.391
3223.833
3257.667
3273.667
3614.917
3598.917
3614.917
3706.917
3783.917
3801.292
3801.292
3835.125
3523.042
3864.292
3630.917
3972.167
3630.917
3972.167
4030.333
4371.583
4620.958
4720.042
4797.042
4877.875
4894.792
3629.667
3536.667
3877.917
3613.667
3705.667
3690.667
4031.917
3806.667
3075.458
3324.833
3401.833
3435.667
3438.083
3454.083
3546.083
3744.25
3778.083
3622.667
3869
4210.25
4459.625
4599.042
4676.042
4692.042
4784.042
3567.652
3907.043
3987.391
4194.174
4290.174
4550.391
4585.696
4588.217
4668.565
4577.087
4695.783
4695.783
4712.478
4668.565
4248.826
4588.217
4590.739
4027.739
4232
4328
4365.174
4400.478
4571.957
4652.304
4234.435
3974.217
3990.913
4086.913
4443
4445.522
4148.478
3797.913
4004.696
3986.087
3908.913
3648.826
3341.375
3375.208
3716.458
4039.792
3714.542
4039.792
4116.792
4042.208
4076.042
4325.417
4417.417
3841.625
4039.792
4116.792
4073.042
4186.792
4060.36
4075.72
4068.44
4109.48
4183.4
4257.32
4584.92
4673.24
4688.6
4690.92
4723.4
4962.8
3993.16
4183.4
4511
4526.36
4373.64
4447.56
3351.52
3661.92
3771.12
3805.32
3893.64
3898.76
3788.269
3922.423
3953.654
4183.846
4268.769
4451.692
4522.769
4093.577
3855.8
4183.4
4257.32
4257.32
3320.16
3322.48
3337.84
3426.16
3753.76
3944
4183.4
4373.64
4461.96
4701.36
4733.84
4736.16
4810.08
4257.32
2754.462
3069.462
2825.538
2825.538
2638.308
2723.231
2953.423
2723.231
2754.462
2785.692
2968.615
3283.615
3368.538
3373.462
3146.08
3091.96
3104.28
2544.44
2650.458
2693.208
2617.208
2694.208
2892.375
3233.625
3249.625
2935.125
2694.208
3087.087
3347.304
3427.652
3462.957
3465.478
3363.833
3455.833
3779.167
3508.167
3849.417
4098.792
4175.792
4209.625
4407.792
4731.125
5072.375
5077.708
4969.833
4340.833
4356.833
4448.833
4790.083
4442.708
4476.542
4557.208
4591.042
4840.417
5163.75
5255.75
5332.75
4226.625
4567.875
4226.625
4567.875
3734.292
3777.458
3869.458
4210.708
4534.042
4534.042
4567.875
4619.083
4942.417
5283.667
5375.667
5452.667
4534.042
4567.875
4659.875
4675.875
4678.292
4755.292
5004.667
4840.375
5038.542
5072.375
4495.042
4744.417
5067.75
5409
5394
4821.417
4605.875
4715.125
4300.125
4316.125
4358.875
4373.875
4098.708
4175.708
4373.875
4389.875
4588.042
4680.042
4929.417
4930.625
4943.458
4786.76
5097.16
5424.76
5457.24
5647.48
4937.72
5026.04
5353.64
5177.12
5487.52
5561.44
5889.04
6128.44
6318.68
6629.08
6717.4
6749.88
6752.2
6757.32
6759.64
6792.12
6866.04
7105.44
6694.64
6229.24
6324.36
6433.56
4457.16
4545.48
4873.08
5183.48
5224.52
5298.44
5300.76
5137.292
5172.917
5175.333
5218.083
5541.417
5882.667
5959.667
6051.667
6249.833
6230.208
5896.25
4752.917
4635.125
4976.375
5299.708
5342.458
5419.458
5421.875
5188.5
5386.667
5478.667
5494.667
5571.667
5769.833
5803.667
6053.042
5721.5
5723.917
6065.167
6081.167
6036
6038.417
6115.417
5911.84
6222.24
6475.92
6564.24
5822.56
5837.92
5853.28
5837.92
6165.52
5707.6
5748.64
5764
5837.92
5735.28
5554.154
5737.077
4887.16
4559.56
3277.68
3605.28
3262.32
3589.92
3589.92
3917.52
2815
2903.32
2977.24
2979.56
2994.92
3027.4
3217.64
3457.04
3566.24
3043.92
3117.84
2790.24
2987.52
3028.56
3035
3077.75
3154.75
3157.167
3480.5
3557.5
3649.5
3683.333
3683.333
4024.583
3028.56
3338.96
3666.56
3707.6
3781.52
3971.76
4060.08
4062.4
4301.8
4306.92
4309.24
4548.64
4581.12
4583.44
4341.72
4581.12
4581.12
4581.12
4613.6
4123.2
4450.8
4524.72
4540.08
4581.12
4771.36
4507.2
4581.12
4891.52
4924
4965.04
5292.64
5294.96
5368.88
5457.2
5647.44
5374.4
5406.88
5441.08
4825.2
4857.68
4860
4674.12
4715.16
4747.64
4987.04
5060.96
5062.12
5171.32
5266.44
5576.84
5579.16
5591.48
5679.8
5774.92
5262.577
5293.808
5326.692
5357.923
5672.923
4865.462
4626.346
4941.346
5026.269
5065.731
5096.962
5327.154
5398.231
5400.462
5170.269
5201.5
5431.692
5502.769
5587.692
5679.154
5877
5908.231
5910.462
5892.346
5452.038
5767.038
5591.444
5659.889
5602.259
5640.259
5816.407
5752.704
5853.815
5883.889
6105.556
6107.704
5364.407
5667.741
5736.185
5817.963
5855.963
5713.926
5935.593
6111.741
6180.185
5154
4963.63
4143.148
4224.926
4293.37
4295.519
4598.852
4636.852
4666.926
4954.333
4651
4804.111
4665.963
4680.185
4710.259
5013.593
5301
5303.148
5384.926
5370.704
5384.926
4493.407
4715.074
4796.852
4865.296
4452.077
4635
4620.231
4635
4950
4964.769
4637.231
4438.269
4136.962
4319.885
4404.808
4635
4666.231
4737.308
4822.231
5005.154
4204.462
4243.923
4519.462
4635
4635
4635
4706.077
5021.077
5106
4779.36
4635
4524.462
4754.654
5053.115
4516.154
4601.077
4672.154
4970.615
5001.846
5184.769
5499.769
5236.038
5267.269
5267.269
5167.692
5198.923
5270
5198.923
5198.923
5201.154
4937.5
5120.423
4624.731
4805.423
4890.346
4822.077
4824.308
4855.538
4587.692
4871.462
4729.037
5016.444
5046.519
4512.185
4580.63
4756.778
4320.444
4174.37
4188.593
4491.926
4573.704
4642.148
4317.786
3363.185
3187.037
3408.704
3490.481
3520.556
3696.704
3666.63
3732.37
3624.731
3695.808
3780.731
4095.731
4394.192
4624.385
4807.308
4838.538
4869.769
4625.846
4856.038
5154.5
5469.5
5554.423
5293
4662.48
4990.08
5031.12
5046.48
5120.4
4943.76
5032.08
4841.84
5032.08
5342.48
5344.8
5377.28
5418.32
5090.72
5327.12
5342.48
5342.48
5374.96
5565.2
5804.6
5892.92
5966.84
6261.96
3876.12
4171.24
4481.64
4515.84
4610.96
4643.44
4665.52
4739.44
4771.92
5082.32
5148.56
5243.68
5277.88
5355.48
5464.68
5452.56
4569.52
4537.04
4569.52
4657.84
4897.24
4294.64
4327.12
4517.36
4756.76
5067.16
5121.28
5448.88
5776.48
6015.88
6104.2
4809.36
4841.84
4930.16
4909.04
4586.56
4598.88
4376.538
4606.731
4596.385
3480.731
3511.962
3583.038
3551.808
3583.038
3667.962
3385.731
3684.192
3433
3385.731
3568.654
3883.654
3923.115
3925.346
4155.538
4385.731
4700.731
4700.731
4157.769
4189
4203.769
4386.692
4685.154
5000.154
5085.077
5116.308
5085.077
5156.154
5187.385
5485.846
5549.615
5864.615
5881.077
5810.923
5993.846
5996.077
6081
4881.538
5196.538
5236
5250.769
5321.846
5137.115
5282.385
5099.462
4487.154
4785.615
4870.538
4872.769
4887.538
5068.231
5251.154
5321.308
5368.462
5020
5035.615
4851.259
4865.481
4876.889
4865.259
4895.333
4526.148
4607.926
4687.444
4725.444
4732.963
4909.111
4911.259
4870.077
5185.077
5015.346
4025.2
3904.4
3936.88
3939.2
4249.6
4577.2
4663.2
4200.08
4202.4
4290.72
4323.2
4338.56
4379.6
4707.2
5017.6
5257
5298.04
5371.96
5699.56
5787.88
5551.4
5463.08
5551.4
5551.4
5551.4
5551.4
5480.4
5512.88
5703.12
5942.52
6252.92
6580.52
6668.84
6742.76
6503.36
6813.76
6742.56
6830.88
6863.36
6958.48
7036.08
7145.28
7179.48
6942.808
6957.577
6582.923
6765.846
6996.038
7294.5
7609.5
7694.423
7765.5
6406.423
6551.692
6012.077
6014.308
6053.769
6368.769
6551.692
6734.615
6819.538
6824.462
6825.577
6930.577
6942.423
6975.308
7006.538
7077.615
7162.538
7477.538
7776
8006.192
8189.115
8220.346
7091.462
6776.346
7006.538
7027.769
7060.654
7135.269
7174.333
7364.333
6833.481
6863.556
6634.148
6664.222
6736.074
6324.481
6500.63
6722.296
7009.704
6990.37
7058.815
7149.815
6864.63
6878.852
6669.821
6735.821
6949.464
7119.321
7198.179
7227.179
7263.821
7463.857
7756.357
8033.5
8245.179
8258.893
8308.75
7206.852
7383
7686.333
7768.111
7272.148
7302.222
7316.444
7318.593
7206.852
7155.148
7331.296
7552.963
7840.37
7922.148
7990.593
8091.704
6106.444
6015.154
6046.385
6261.692
5993.962
6065.038
6096.269
6098.5
6281.423
6332.885
6117.462
6270.115
6075.889
6078.037
6299.704
6261.704
4610.37
4612.519
4636.296
4857.963
5161.296
5448.704
5624.852
5654.926
5736.704
5734.556
5956.222
6259.556
6037.889
6119.667
5398
5619.667
5688.111
5718.185
5720.333
5734.556
6037.889
6214.037
6295.815
6517.481
6522.222
6533.63
6563.704
6365.929
6643.071
6401
6656.857
6693.5
6707.214
6773.214
5835.321
6046.464
6046.464
6109.857
6402.357
6616.107
6618.179
6697.036
6726.036
6529.483
6542.724
6464.103
6001.966
6284.379
6360.517
6373.759
6169.379
5920.69
5948.69
6155.069
5645.621
5673.621
5941.207
6223.621
6271.759
6285
6348.724
6512.724
5962.724
4772.037
4993.704
5075.481
5029.481
4955.692
4896.462
4935.923
4439
4441.231
4526.154
4709.077
5024.077
5109
5123.769
5126
5157.231
5228.308
5458.5
5322.846
5637.846
5936.308
5712.769
5695.769
4897.115
4908.962
5000.423
3920.231
3813.037
3843.111
4130.519
4433.852
4396.519
4618.185
4620.333
4650.407
4732.185
4800.63
4976.778
4991
5294.333
5332.333
5414.111
5482.556
5411.37
5413.519
5635.185
5811.333
5893.111
5931.111
6218.519
6521.852
6536.074
6757.741
6357.778
6084.519
6068.667
6056.593
6056.593
6232.741
6536.074
6617.852
6620
6650.074
6871.741
6959.815
6971.222
6395.704
6496.815
5463.889
5640.037
5670.111
5957.519
6260.852
6482.519
6287.643
6271.857
6273.929
6276
6342
6371
6407.643
6684.786
6977.286
6991
7069.857
6302.929
6368.929
6646.071
6724.929
6528.414
5618.931
5967.714
6046.464
6260.214
6273.929
5813.429
6105.929
6087
6256.857
6335.714
6549.464
6578.464
6365.75
6521.964
6814.464
6828.179
6907.036
7076.893
7142.893
7144.964
7175.5
6963.448
5739.607
5953.357
6245.857
6538.357
5686.321
5900.071
5929.071
5931.143
5944.857
6023.714
6316.214
6486.071
6245.857
6324.714
6338.429
6349.429
6626.571
6433.448
6597.448
6879.862
6034.179
6245.857
6538.357
6552.071
5147.25
5361
5048.357
5048.357
5114.357
5284.214
4832.111
5135.444
5173.444
5187.667
5256.111
3991.5
4205.25
4207.321
4221.036
4513.536
4790.679
4960.536
4989.536
5068.393
5079.393
4939.621
5207.207
5489.621
5502.862
5579
5581
5787.379
5764.345
5068.393
5360.893
5147.25
5317.107
5383.107
5675.607
5689.321
5903.071
5665.143
5667.214
4775.893
5068.393
4065.111
4095.185
4176.963
4398.63
4428.704
4440.111
3891.519
3979.593
3984.333
4085.444
3976.179
3910.75
4203.25
4216.964
4245.964
4207.593
2753.185
2783.259
2797.481
3100.815
3138.815
2879.148
2881.296
2881.296
3057.444
2810.111
2848.111
3069.778
3373.111
3454.889
3164.741
3340.889
3422.667
3644.333
3674.407
3676.556
3902.769
4132.962
4217.885
3819.6
3435.6
3468.08
3483.44
3811.04
3852.08
3712.154
4027.154
4041.923
4073.154
4303.346
4275.731
4030.769
4122.231
3971.704
4012.815
4050.815
3216.407
3519.741
3557.741
3626.185
3640.407
3861.963
3876.185
3906.259
4127.926
4127.926
3726.731
3811.654
3774.423
3789.192
4087.654
4402.654
4632.846
4815.769
4661.185
3033.111
2566.222
2869.556
2951.333
1905.115
2048.577
2019.577
2050.808
2349.269
2420.346
1981.32
2055.24
2143.56
1612.68
1721.88
1810.2
1190.077
1505.077
1803.538
1986.462
2001.231
2231.423
1677.115
1690.962
2005.962
2045.423
2060.192
1620.808
1935.808
2118.731
2133.5
2218.423
2448.615
2450.846
2482.077
2428.148
2442.37
2745.704
2124.815
2428.148
2139.037
2428.148
1690.704
1866.852
1904.852
2126.519
2140.741
2428.148
2442.37
2428.148
2466.148
2769.481
2851.259
2450.462
2521.538
2561
2859.462
2930.538
3245.538
3330.462
3560.654
3591.885
3906.885
3921.654
3006.692
2975.462
3205.654
3207.885
3222.654
3405.577
3445.038
3118.654
3301.577
3600.038
3915.038
3247.346
3262.115
2961.885
3191.962
3276.885
3222.654
3262.115
3347.038
3662.038
3960.5
3993.385
4021.63
4051.704
4120.148
4423.481
4505.259
4806.519
5028.185
5204.333
4763.704
4340.222
4348.148
3906.037
4127.704
4129.852
4144.074
4320.222
4350.296
3291.519
3373.296
3676.63
3964.037
4185.704
4361.852
4391.926
4324.37
4627.704
4849.37
4879.444
5055.593
5343
5646.333
5728.111
5766.481
4754.889
4836.667
4905.111
4487.222
4421.481
4451.556
4627.704
4613.481
4627.704
4353.815
4425.667
4601.815
4474.107
4487.821
4701.571
3813.929
3892.786
4185.286
4462.429
4676.179
4846.036
4462.429
4754.929
4333.214
4346.929
4383.571
4462.429
3335.321
3349.036
3414.179
3627.929
3630
3656.929
3670.643
3516.069
3666.828
3549.071
3578.071
3580.143
3593.857
3871
3900
3886.286
3900
3966
4258.5
4017.821
4046.821
4260.571
4428.357
4720.857
4799.714
4836.357
4865.357
5079.107
5145.107
5147.179
5147.179
5133.464
5147.179
5439.679
5244.679
4499.071
4503.643
4177.345
4341.345
4608.931
4836.31
4765.31
4791.31
4969.69
5045.828
5109.552
5122.793
5082.034
5364.448
4669.586
4952
5028.138
5199.138
5227.138
5229.138
5264.517
4969.69
5033.414
5033.414
4969.69
5252.103
4906.5
4935.5
5149.25
5147.179
5183.821
4942.821
4741.893
4863.481
4893.556
5069.704
5083.926
5086.074
5307.741
5337.815
5339.963
4746.889
5050.222
5132
5170
5200.074
5421.741
5490.185
5641.148
5337.815
5641.148
5339.963
5559.481
5589.556
5406.259
5641.148
4592.37
4418.37
4448.444
4416.222
4719.556
4941.222
5023
5037.222
5037.222
4206.462
4135.385
4174.846
4134.462
4449.462
4379.308
4450.385
3873.962
3905.192
4135.385
4206.462
3835.154
4150.154
3805.692
4104.154
4135.385
4450.385
4076.154
3853.769
3771.077
3771.077
3808.308
3893.231
4123.423
4306.346
2610.692
2840.885
3155.885
3226.962
3031.5
3070.962
3085.731
3170.654
3454.346
3155.885
3155.885
3118.654
3348.846
3433.769
3442
3473.231
3488
3670.923
3470.885
3701.077
3155.885
3170.654
3469.115
3155.885
3057.192
3062.115
2986.704
3290.037
3371.815
2505.037
2573.481
2860.889
3082.556
3096.778
3272.926
3303
3590.407
3604.63
3272.926
3191.259
3494.593
3576.259
3644.704
3658.926
3564.893
3643.75
3494.593
3670.741
3700.815
3715.037
3717.185
3798.963
4086.37
4389.704
4401.111
4143.778
4431.185
4445.407
4415.333
4718.667
4333.556
4636.889
4718.667
4800.444
5103.778
5391.185
5421.259
5423.407
5437.63
5613.778
5300.963
5402.074
5440.074
5209
5524
5538.769
5609.846
5641.077
5643.308
5423.077
5721.538
5726.462
5831.462
5791.63
5628
5931.333
5628
5613.778
5901.185
6204.519
6234.593
5547.852
5562.074
5738.222
5820
5290
5294.923
5296.615
5336.077
5651.077
5653.308
5724.385
5809.308
5992.231
6290.692
6321.923
6504.846
6507.077
6805.538
6820.308
6656.769
6710.462
6825.538
6840.308
6021.731
6204.654
6434.846
6449.615
6480.846
6510.538
6055.577
6088.462
6173.385
4404.538
4419.308
4458.769
4773.769
4858.692
4822.462
4724.346
4954.538
4985.769
5168.692
5170.923
5242
5326.923
5331.846
4709.88
4798.2
4988.44
4800.52
5128.12
4859.16
4561.72
4425.731
4528.731
4399
4467.444
4770.778
4772.926
4787.148
5008.815
5184.963
5266.741
5554.148
5775.815
5951.963
6255.296
6337.074
6405.519
6435.593
6517.37
5666.593
5735.037
5956.704
6244.111
6325.889
6629.222
6723.593
5651.852
5733.63
6021.037
6242.704
6418.852
6448.926
6517.37
6534.556
6337.821
6366.821
6643.964
6485.321
6693.179
6863.036
6526.852
5701.111
5752.815
6056.148
6101.667
6277.815
6307.889
6595.296
6083.63
6305.296
6608.63
5494.889
5576.667
5811.556
6098.963
6320.63
6350.704
6526.852
6526.852
5935.25
6227.75
6306.607
6306.607
6372.607
6307.464
6477.321
6507.857
6605.357
6674.643
6689.143
6493.862
6557.586
6633.724
6797.724
6861.448
6696.793
6979.207
7246.793
7453.172
7213.586
7248.966
7094.276
6579.172
6655.31
6719.034
6721.034
6735.862
6125.345
6138.586
6421
6166.586
6112.586
6173.793
6456.207
6598.862
6612.103
6675.828
6839.828
6585
5786.214
5799.929
5711.407
5741.481
5755.704
5757.852
5934
6015.778
6237.444
6305.889
6407
6710.333
6407
6628.667
6932
7013.778
5771.963
5853.741
5746.037
5748.185
6051.519
5872.036
5901.036
6178.179
6470.679
6178.179
6355.179
6391.821
6470.679
6392.778
6407
6437.444
6451.667
6533.444
6755.111
7058.444
7088.519
6872
6806
6178.179
5876.536
5974.036
5853.179
5882.179
6095.929
6109.643
6188.5
6481
6437.107
6373.179
6286.571
6300.286
6329.286
6170.429
6239.714
6204.25
6219.607
6233.321
3743.462
3926.385
3058.731
3357.192
3587.385
3362.32
3436.24
3545.44
3633.76
3873.16
4063.4
3720.32
3794.24
3605.16
3610.28
3698.6
3483.038
3514.269
3697.192
3782.115
3796.885
4111.885
4151.346
4466.346
4468.577
4539.654
4838.115
5068.308
4834.308
4919.231
4751.077
4367.808
4370.038
4441.115
4314.63
4603.741
4891.148
4587.704
4809.37
4891.148
4141.5
4094.231
4179.154
4181.385
4196.154
4511.154
4585.769
4453.926
4675.593
4388.962
4420.192
4258.63
4320.963
4624.296
4800.444
5022.111
5036.333
5314.926
5528.704
5542.926
5611.37
5624.407
4364.963
4668.296
4372.889
4418.407
4705.815
5009.148
5023.37
5105.148
5281.296
5349.741
4334.889
4380.407
4683.741
4971.148
4830.25
4896.25
4898.321
4912.036
5081.893
4334.889
4638.222
4814.37
4814.37
4206.667
4236.741
4238.889
4243.63
4325.407
4547.074
4549.222
4631
4934.333
4794.75
4808.464
4978.321
5255.464
5321.464
4052.148
4355.481
4091.731
4176.654
4191.423
4193.654
4224.885
4295.962
4526.154
4519
3942.577
3517.962
3557.423
3872.423
3957.346
3840.269
3871.5
3788.808
4019
4334
4405.077
4490
4788.462
4649.111
4663.333
4839.481
3927.808
3644.038
3645.154
3492.885
3426.731
3511.654
3684.926
3861.074
4015.519
4045.593
4114.037
3466.296
3769.63
4057.037
4278.704
4454.852
4484.926
4484.926
4454.852
4484.926
4345.037
3496.37
3769.63
4057.037
4278.704
4454.852
4484.926
3052.37
2899.148
3057.923
3129
3160.231
3162.462
3177.231
3079.231
3262.154
3445.077
3675.269
3973.731
4288.731
4373.654
4478.654
3304.692
3389.615
3704.615
4003.077
4233.269
4252.63
4282.704
3979.37
3966.037
3966.037
4200.926
4282.704
3543
3557.769
3597.231
3895.692
3980.615
4051.692
4366.692
4254.846
4287.731
4586.192
4617.423
4321.192
4008.885
4040.115
4355.115
4440.038
4511.115
3619.44
3929.84
4169.24
4201.72
4290.04
4385.16
4479.36
3995.72
3913.115
3944.346
3946.577
3961.346
4144.269
4374.462
4405.692
4720.692
4715.577
4603.731
4688.654
3474.846
3789.846
2408.962
2440.192
2511.269
2511.269
2596.192
2648.56
2689.6
3000
2883.68
3211.28
3245.48
3247.8
2353.423
2368.192
2439.269
2524.192
2511.269
2480.038
2511.269
2582.346
2613.577
2542.5
2694.192
2779.115
3009.308
3040.538
3042.769
3113.846
2807.077
2232.346
2234.577
2464.769
2779.769
2850.846
2935.769
3234.231
3056.231
2789
2257.5
2440.423
2525.346
2755.538
2757.769
2672.846
2743.923
2758.692
2694.519
2776.296
2724.074
3011.481
2655.63
2173.889
2350.037
2431.815
2653.481
2683.556
2756.654
2027.615
2098.692
2281.615
2366.538
2665
2604.296
2442.37
2444.519
2664.037
2885.704
2915.778
2917.926
2407.185
2583.333
2665.111
2884.074
2914.148
2982.593
2695.185
2697.333
2919
2407.185
2583.333
2665.111
2746.889
2413.111
2716.444
2730.667
2799.111
2411.222
2493
2714.667
2744.741
2662.963
2665.111
2520.63
2621.741
2633.148
2714.926
2786.778
2723.893
2737.607
2739.679
2909.536
2766.222
2797.889
2879.667
2951.519
2882.75
3052.607
3066.321
3132.321
3585.444
3615.519
2696.63
2696.63
2742.037
2963.704
3251.111
3332.889
3509.037
2496.115
2726.308
3041.308
2811.231
2738.154
2812.769
2746.593
2760.815
2936.963
3421.923
3506.846
3220.231
3138.963
3207.407
3510.741
3524.963
3562.963
3850.37
4072.037
3944.852
4026.63
3237.481
2920
3207.407
2764.185
2940.333
2954.556
3241.963
3463.63
3376.571
3092.857
2295.75
2297.821
2334.464
2534.5
2827
2893
2906.714
2972.714
3051.571
3328.714
3233.714
3262.714
3106.571
3399.071
3462.464
2993.148
3214.815
3296.593
3472.741
3486.963
3399.071
3691.571
3705.286
3465.071
3478.786
3394.207
3676.621
3752.759
3677.857
3399.071
3477.929
3691.679
3861.536
4154.036
4190.679
4192.75
4406.5
4420.214
4406.5
3350.333
3061.222
2044.222
2265.889
2553.296
2856.63
2886.704
2955.148
3036.926
2834.704
2839.444
2685.333
2907
2569.222
2569.222
2856.63
3159.963
3190.037
3271.815
2979.889
2759.444
2841.222
2909.667
3197.074
3361.815
3391.889
3006.778
2658.893
2320.037
2623.37
2705.148
2719.37
1618.963
1700.741
2004.074
2291.481
2513.148
2601.222
2631.296
2549.519
2631.296
2807.444
2845.444
2875.519
3097.185
3165.63
3167.778
3249.556
3552.889
3729.037
3950.704
3988.704
3990.852
3729.037
2540.556
2622.333
2925.667
3213.074
3434.741
3610.889
3640.963
3944.296
4026.074
4202.222
4270.667
4272.815
4302.889
4524.556
4562.556
4576.778
4645.222
4675.296
4851.444
4896.963
5184.37
5487.704
5569.481
5637.926
4746.333
4968
4970.148
5146.296
5195.741
5264.185
5485.852
5515.926
5553.926
5212.593
5036.444
3799.148
3880.926
3799.148
3124.296
3357.037
3438.815
3476.815
3506.889
3728.556
3797
3799.148
4020.815
4050.889
4053.037
4053.037
3839.692
4154.692
4194.154
4208.923
4280
4293.846
4208.923
4280
3254.115
3023.923
3206.846
3521.846
3561.308
3563.538
3793.731
3461.885
3476.654
2553.077
2783.269
2783.269
2874.731
2895.962
3092.037
3130.037
3198.481
3314.037
3637
3333.667
3555.333
3331.519
3333.667
3402.111
3473.556
3555.333
3333.667
3555.333
3557.481
3333.667
3637
3705.444
3651.222
3954.556
4023
4061
4142.778
3639.148
3860.815
3637
3555.222
3637
3705.444
3940.333
3637
3420.704
3422.852
3460.852
3637
3775.148
3856.926
3591.593
3605.815
3909.148
3939.222
4007.667
4229.333
3680.222
3383.111
3413.185
3444.852
3376.407
3679.741
3376.407
3458.185
3598.074
3315.741
3345.815
3567.481
3567.481
3325
3242.893
3535.393
3614.25
3288.857
3196.286
3275.143
3488.893
3198.357
3227.357
3441.107
3519.964
3689.821
3755.821
3191.63
3494.963
3576.741
3752.889
3480
3494.222
3524.296
3555.963
3557.037
3000.556
3069
3245.148
3247.296
3261.519
3343.296
3564.963
3868.296
4155.704
4256.815
3953.481
3763.481
3475.481
3477.63
3559.407
3735.556
3804
3831.926
3845.259
3763.481
3864.593
3649.333
3082.63
3112.148
3127.185
3017.571
3096.429
3352
3644.5
3921.643
3950.643
3952.714
3966.429
4180.179
4209.179
4222.893
4112.655
4188.793
4471.207
4559.448
4653.586
4532.667
4545.467
4607.067
4360.467
4387.533
4587.033
4681.828
4717.207
4677.966
4705.966
4912.345
4988.483
5251.241
5087.241
5148.448
5266.862
4599.483
4627.483
4791.483
4867.621
4880.862
4756.207
4784.207
4797.448
4804.828
4880.862
4668.621
4951.034
5027.172
5191.172
5254.897
5259.31
5287.31
4758.862
4696.138
4900.517
5182.931
4940.643
5233.143
4686.429
4567.103
4834.69
4862.69
4864.69
4877.931
5041.931
5199.655
4897.621
4910.862
4351.241
4515.241
4516.241
4544.241
4573.724
4592.759
4161
4188.067
4387.567
4660.567
4474.833
4685.233
4843.767
5116.767
5118.7
4836.833
4863.9
4718.167
4752.367
4991.167
5003.967
5031.033
5230.533
4876.7
4903.767
5103.267
4903.733
4844.067
4880.862
3532.552
3250.138
3532.552
3567.931
3581.172
3048.964
3341.464
3420.321
3590.179
3656.179
3669.893
3698.893
3912.643
3495.31
2188.259
2491.593
1980.815
1967.481
1625.259
1928.593
1896.357
1962.357
2254.857
2532
2745.75
2759.464
2761.536
2827.536
2856.536
2870.25
3162.75
3332.607
3546.357
3625.214
3703.964
3017.393
3231.143
3260.143
3273.857
3339.857
3509.714
3588.571
3625.214
3363.25
3655.75
3637.926
3238.593
3460.259
3542.037
3845.37
3845.37
3875.444
3560
3247.148
3249.296
3425.444
3085.852
3154.296
3184.37
3266.148
3569.481
3652.538
3967.538
4038.615
4078.077
4021.769
3619.346
3690.423
3705.192
4003.654
4036.538
2969.885
3284.885
3369.808
3355.962
3538.885
3570.115
3603
3604.115
3569.577
2336.077
2566.154
2651.077
2665.846
2668.077
2851
2882.231
2894.077
2874.692
2905.923
2907.038
2911.962
2996.885
3189.222
3365.37
3434.741
3093.963
3108.185
3146.185
2943.741
3025.519
3215.519
3437.185
3437.185
3505.63
3808.963
3309.889
3391.667
3695
3733
3776.111
3498.074
3528.148
3749.815
3751.963
3280
3348.444
3378.519
3380.667
3512.519
3236.63
3318.407
3621.741
3370.731
3375.654
3376.769
3289.704
3042.444
3110.889
3140.963
3143.111
3157.333
3471.259
3357.296
3357.296
3370.63
3384.852
3453.296
3401.074
3316.25
3529.893
3608.75
3622.464
3624.536
3653.536
3719.536
3146.393
3237.393
3146.393
3148.464
3214.464
3251.107
1829.741
1898.185
1912.407
2199.815
2421.481
2489.926
2571.704
2672.815
2687.852
2869
3082.75
3252.607
3281.607
3360.464
3393.214
3515.857
3793
4006.75
4176.607
3862.464
3634.63
3937.963
4241.296
4417.444
3962.963
3974.37
3782.778
3649.75
3663.464
3742.321
3808.321
3086.714
3256.571
3470.321
3747.464
4039.964
4118.821
4089.821
3797.321
3371.857
3450.714
3743.214
4020.357
4234.107
4252.103
4280.103
3948.793
3962.034
3701.759
3765.483
3776.724
3666.379
3467.321
3759.821
3796.464
3810.179
3876.179
4011.071
3974.071
4043.357
4140.857
4160.571
4171.571
4191.724
4089.821
4366.964
4395.964
4397
4481.929
4486.5
4565.357
3533.296
3836.63
3918.407
4094.556
3974.407
3171.769
3486.769
3785.231
4015.423
4069.115
4174.115
4404.308
4495.769
4511.385
4358.519
4426.963
4714.37
4716.519
4804.593
5107.926
5021.852
5051.926
5237.593
5251.815
5090.481
5312.148
5488.296
5502.519
5584.296
5586.444
5616.519
5903.926
3957
4246.111
3678.074
3689.481
3703.704
3775.556
3807.222
3823.074
3714.481
4001.889
3973.963
3906.407
4082.556
3590.778
3439.37
3441.519
3509.963
3547.963
3804.259
3806.407
3836.481
3874.481
3956.259
4259.593
4435.741
4657.407
4659.556
4734.593
4748.815
4528.963
4574.37
4831.704
4859.63
4864.37
4875.778
4976.889
4997.333
4446.643
4408.464
4474.464
4476.536
4212.929
4249.571
4328.429
4620.929
4686.071
3851.929
3859.571
3825
3825
3822.929
3825
3891
3201.179
3493.679
3707.429
3736.429
3786.286
3822.929
3836.643
4050.393
4087.036
4116.036
4115.429
4129.143
4208
4485.143
4521.786
4587.786
4589.857
4803.607
4973.464
4601.25
4878.393
4892.107
4958.107
5250.607
4152.071
4230.929
4508.071
4800.571
5014.321
5184.179
5087.074
5089.222
5157.667
3398.593
3384.37
3606.037
3608.185
3676.63
3964.037
4065.148
4069.889
3880.643
4094.393
4096.464
4162.464
3555.786
3634.643
3639.214
3736.714
3806
3710.138
3779.429
3741.929
4034.429
4071.071
4084.786
4113.786
4259.852
4165.481
4167.63
4236.074
4030.444
4206.593
3658.556
3880.222
3778.286
4055.429
3918.519
4221.852
4236.074
4539.407
4826.815
4734.593
4816.37
4333.5
3989.333
4165.481
4167.63
4236.074
3390.154
3094.192
3125.423
3047.667
3346.259
3044.63
3332.037
3346.259
3414.704
3057.148
3125.593
3127.741
3165.741
3042.926
3346.259
3414.704
3428.926
3466.926
3466.926
3330.333
3412.111
3450.111
3626.259
3694.704
3696.852
3726.926
4030.259
2859.259
2793.786
2859.786
2861.857
2776.963
2807.037
2845.037
2845.037
2875.111
3050.667
3080.741
3207.926
3210.074
3291.852
3329.852
2776.593
2845.037
2859.259
2927.704
3231.037
2623.37
2845.037
2926.815
3148.481
3451.815
3739.222
3769.296
3837.741
3772.185
3786.407
3824.407
4127.741
4209.519
3835.593
3837.741
3906.185
3944.185
4070.269
4385.269
4387.5
4458.577
4543.5
4726.423
3740.577
4039.038
4070.269
4101.5
4399.962
4368.731
4399.962
4300.462
4615.462
4385.385
4126.577
4128.808
4168.269
4143.577
4254.462
4293.923
4325.154
4070.269
3282.923
3287.846
3586.308
3548.115
3653.115
3738.038
2983.115
2997.885
2924.852
2775.593
2827.296
2690.704
2720.778
3024.111
3062.111
3365.444
3367.593
3436.037
3517.815
3487.741
3556.185
3517.815
3555.815
3859.148
3940.926
4009.37
4039.444
4261.111
4291.185
4263.259
4293.333
4515
4596.778
4772.926
4841.37
4748.63
4615.679
4908.179
4910.25
4989.107
5266.25
5171.536
4748.107
4669.25
4961.75
5175.5
5254.357
4939.464
4968.464
5182.214
5182.214
5248.214
4937.393
4966.393
4900.393
4966.393
4951.107
4993.321
5285.821
5138.931
4844.103
4153.414
4188.793
4395.172
3933.793
3090.69
3254.69
3318.414
3344.414
2908.464
3122.214
3399.357
3613.107
3782.964
3861.821
3890.821
3956.821
4249.321
4628.259
4915.667
4945.741
4947.889
4952.63
5040.704
5122.481
5005.296
5077.148
5097.593
4468.429
4214.071
4383.929
4597.679
4311.321
4325.036
4327.107
4356.107
4633.25
4925.75
5004.607
4753.821
4803.679
5017.429
5046.429
5048.5
5218.357
5033.607
5203.464
5417.214
5694.357
5986.857
6065.714
6131.714
5112.464
5396.185
5138.852
5426.259
5396.185
4287.481
4355.926
4437.704
4741.037
5028.444
5250.111
5396.185
5433.667
5609.815
5324.556
5354.63
5359.37
5460.481
5272.259
4443.926
4665.593
4968.926
4744.778
4577.393
4606.393
4819.857
5033.607
5118.536
5332.286
5609.429
5901.929
5883.929
5968.857
5311.679
5326.179
4910.31
5074.31
5076.31
5343.897
5407.621
5435.621
5488.724
5652.724
5578.862
5861.276
5521
5584.724
5597.966
5138.31
5302.31
5302.31
5584.724
5612.724
5614.724
5880.31
5648.448
5724.586
6007
6274.586
6480.966
6644.966
6672.966
5867.138
5895.138
5732.833
5932.333
5720.933
5794.533
5585.267
5585.267
5371.5
5398.567
5173.931
5337.931
5674.25
5703.25
5705.321
5784.179
3727.929
3756.929
3822.929
3793.929
3822.929
3064.536
3234.393
3448.143
3527
3605.75
3236.464
3302.464
3579.607
3616.25
3786.107
3354.185
3395.963
3484.037
3396.25
3409.964
3438.964
3716.107
3731.75
4024.25
4238
4304
4340.643
4354.357
4433.214
4725.714
4238
4267
4240.071
4517.214
4546.214
4759.964
4844.893
4923.75
4934.75
4777.828
4793.931
4629.931
4833.793
4629.931
4629.931
4566.552
4101.933
4129
4190.6
4264.2
4629.931
4643.172
4925.586
4849.448
5055.828
4925.586
4528.897
4364.897
4378.138
4660.552
4632.483
4390.724
4554.724
4590.103
4590.103
4528.897
4497.857
4125.643
4418.143
4454.786
4465.786
4758.286
4772
4480.679
4650.536
4927.679
4956.679
4970.393
4695.321
4492.37
4574.148
4877.481
4891.704
4861.556
4517.111
4547.185
4547.185
4635.259
4500.296
4676.444
4714.444
4782.889
5070.296
5072.444
5154.222
5375.889
5405.963
5695.074
5405.963
5102.63
5405.963
5317.889
5494.037
4651.481
4683.148
4808.393
4845.036
4874.036
4940.036
5037.536
5116.393
5201.321
5270.607
5275.179
5305.714
5446.964
5616.821
5653.464
5867.214
5880.929
5851.929
5564.071
5856.571
5893.214
5906.929
5972.929
5935.929
5822
5296.821
5325.821
5404.679
5415.679
5420.25
5489.536
5574.464
5573.429
5309.821
5323.536
5402.393
5616.143
5908.643
6185.786
6185.786
6251.786
5906.929
5972.929
6001.929
6044.036
6257.786
5870.286
5906.929
5935.929
6213.071
6226.786
5920.286
5686.857
5450.179
5452.25
5622.107
5633.107
5910.25
5989.107
6019.643
6265.714
6279.429
6117.214
6196.071
6226.607
6396.464
6688.964
6767.821
6833.821
6862.821
7032.679
7246.429
7523.571
7816.071
7827.071
7905.929
8183.071
8280.571
8311.107
8396.036
8410.536
8133.759
8135.759
8098.357
8312
8342.536
8256.679
8426.536
8703.679
8996.179
9075.036
9288.786
8958.964
9049.964
9063.679
8266.929
8175.929
8389.679
8682.179
8645.179
8382.448
8650.034
8856.414
8950.552
8969.586
7917.7
8076.233
8218.833
8477.5
8071.233
8270.733
8037.032
8190.452
8212.581
8257.452
8317.065
8388.29
8447.903
8685.903
8137.452
8387.774
8413.968
8317.065
8329.452
7718.531
7974.469
8043.469
7513.656
7169.875
7144.788
7379.939
7561.303
7705.424
7761.424
7888.182
7899.818
7966.727
8110.848
8166.848
7956.824
8197.706
8425.941
8427.647
8567.529
8795.765
8971.794
9017.088
9140.735
9368.971
9392.853
9445.5
9510.441
9521.735
9065.794
8813.676
8837.559
9065.794
9120.147
8407.765
8648.647
8876.882
9052.912
9192.794
9216.676
9271.029
9335.971
9512
9569.059
9639
9642.765
9723.059
9670.059
8732.886
8956.086
9127.086
9134.4
8909.167
8919.833
9005.444
8715.306
9175.057
9198.257
9369.257
9398.571
9451.371
9685.371
9748.457
9750.114
9761.086
9822.914
9852.229
10073.943
9741.559
9766.706
9831.647
9839
10079.882
10308.118
9553.559
9618.5
9642.382
9782.265
9958.294
8857.147
8997.029
9061.971
9087.118
9328
8828.8
8656.2
8251.2
8422.2
8656.2
7852.765
8081
8321.882
7753.794
7765.088
7941.118
7604.412
7845.294
7875.471
7886.765
7941.118
7966.265
7570.257
7633.343
7686.143
7709.343
7738.657
7758.229
7938.824
8078.706
8090
8318.235
7818.941
7842.824
8083.706
7909.059
8137.294
8313.324
8388.265
8412.147
8423.441
8425.147
8261.853
8490.088
8544.441
8383.879
8030.515
8031.394
8098.303
8107.636
8111.515
8114.303
7737.676
7761.559
7815.912
8044.147
8074.324
8119.618
8121.324
7756.441
7932.471
8002.412
8067.353
6922.294
7062.176
7087.324
5843.719
6029.906
6061.969
6004.969
6073.969
5966.406
6208.906
6234.281
6236.094
6261.469
6448.5
6517.5
6666.125
6723.875
5913.968
6178.161
5603.2
5590.4
5352.323
5378.516
5571.581
5642.806
5702.419
5640.194
5441.742
5193.29
5204.903
5256.323
5315.935
5181.875
5330.5
5342.5
5529.531
5384.313
5640.25
5384.313
5396.313
5640.25
4440.219
4588.844
4775.875
4801.25
4803.063
4590.656
4558.806
4823
4894.226
4953.839
4980.032
4611.516
4390.833
4649.5
4676.567
4949.567
4668.033
4695.1
4729.3
4802.9
5075.9
5155.167
5156.133
5184.633
5194.9
4979.276
5261.69
5297.069
5310.31
5374.034
5100.448
5382.862
4906.345
5070.345
5146.483
5352.862
5380.862
5382.862
5382.862
5115.207
5035.207
5317.621
5481.621
5224.966
5288.69
5324.069
5400.207
5410.828
5468.69
5544.828
5574.31
5602.31
5603.31
4519.138
4786.724
4850.448
4885.828
5049.828
5063.069
5065.069
5093.069
5169.207
5204.586
5280.724
5308.724
5472.724
5740.31
6022.724
6229.103
6242.345
6244.345
6244.345
6450.724
6478.724
6514.103
6590.241
6870.655
6242.345
6244.345
6245.345
6451.724
6422.241
6435.483
6661.828
6675.828
6436.241
6465.724
6541.862
6705.862
6769.586
6284.448
6284.448
5504.138
5517.379
5552.759
5835.172
5911.31
5324.393
5538.143
5540.214
5384.552
5652.138
5934.552
5947.793
6023.931
6187.931
5410.448
5439.931
5707.517
5789.517
5803.517
5644.267
5804.4
5817.2
5902.4
5816.367
6075.033
6348.033
6360.833
6434.433
6513.7
6173.4
5925
5874.931
4097.759
4230.276
4306.414
4319.655
4413.793
4617.655
4618.655
4629.276
4250.5
4243.467
4502.133
4514.933
4610.7
4612.633
4674.233
4556.548
4820.742
4833.129
5083.452
4706.516
4777.742
4028.2
3708.2
3710.133
3722.933
3893.333
4152
4310.533
4337.6
4411.2
4411.2
4569.733
3826.536
4119.036
4332.786
4398.786
4412.5
4449.143
4726.286
4762.929
5055.429
5134.286
4712.571
4717.143
3568.679
3597.679
3608.679
3706.179
3736.714
2710.179
2923.929
2926
2939.714
3216.857
3509.357
3574.5
3603.5
3643.241
3463.034
3669.414
3937
3362.759
3645.172
3820.069
3743.31
3717.31
3745.31
4027.724
4191.724
4398.103
4665.69
4741.828
4805.552
4112.897
4189.034
4471.448
4635.448
4841.828
4705.828
4833.552
4744.345
5011.931
4805.655
4729.517
4359.138
4641.552
4805.552
4021.172
4023.172
4099.31
4110.429
4140.964
4354.607
4631.75
4624.107
4709.036
4309.321
4345.964
4359.679
4425.679
4718.179
4784.179
4786.25
5000
5029
5321.5
4768.036
4834.036
5126.536
5170.429
5255.357
5284.357
5139.893
4454.393
4746.893
5039.393
5316.536
5530.286
5700.143
5766.143
5039.679
5039.679
5041.75
4865.929
4944.679
5010.679
5039.679
4577.214
4790.964
4960.821
5039.679
5105.679
5382.821
5398.179
5159.179
4400.786
4429.786
4508.643
4510.714
4524.429
4801.571
5015.321
5307.821
4209.714
4502.214
4182.786
4211.786
4425.536
4425.536
4104.036
4396.536
4398.607
4427.607
4439.25
4731.75
5024.25
5103.107
4850.172
4863.414
4851
4570.586
4776.966
4804.966
4183.621
4032.862
3425.933
3499.533
3699.033
3972.033
4230.7
4389.233
4416.3
4689.3
4702.1
4416.3
4416.3
3999.1
4001.033
4028.1
4089.7
4362.7
3972.033
3972.033
3799.6
4072.6
4076.867
3589.633
3789.133
3791.067
3764
3791.067
3637.433
3639.367
3666.433
3738
3799.6
3653.867
3655.8
3682.867
3582.733
3841.4
4040.9
3943.645
3539.4
3799.6
3526.6
3799.6
3602.033
3629.1
3630.533
3717.517
3811.655
3875.379
3780.4
3793.2
3799.6
3799.6
3436
3509.6
3543.8
3556.6
3618.2
3645.267
3803.8
4076.8
4335.467
4135.967
4335.467
4335.467
4362.533
4635.533
4397.067
4399
4433.2
4446
3568.633
3495.033
3522.1
3680.633
3939.3
4212.3
4411.8
4446
4447.933
4433.2
4446
4645.5
4672.567
4446
4173
4446
4719
4446
4060.9
3800.7
3229.067
3302.667
3329.733
3488.267
3746.933
3946.433
4219.433
4080.517
3848.586
3861.828
3897.207
4179.621
4255.759
4474.448
4517.714
4384.069
4447.793
4362.931
4108.517
4390.931
4645.345
4658.586
2045.759
2328.172
2595.759
2759.759
2795.138
3077.552
3079.552
3143.276
3219.414
3247.414
3219.414
3247.414
3282.793
3346.517
3348.517
3361.759
3136.036
3165.036
3167.107
3380.857
3446.857
3616.714
3695.571
3579.214
3645.214
3658.929
3616.714
3331.857
3624.357
3626.429
3692.429
2977.929
3006.929
3220.679
3043.179
3122.036
3206.964
3197.679
3200.964
2841.793
2898.897
2934.276
2998
3000
3013.241
3003.207
3209.586
3285.724
3449.724
3513.448
3181.586
3449.172
3731.586
3766.966
3768.966
3796.966
3873.103
3321.448
3295.214
3361.214
3438
2938.536
2940.607
3110.464
3295.214
2886.357
3178.857
3215.5
3229.214
3295.214
3227.143
3229.214
3295.214
3295.214
2119.821
2148.821
2362.571
2441.429
2611.286
2622.286
1317.179
1396.036
1462.036
1464.107
1756.607
1793.25
1822.25
2099.393
1837.964
2007.821
2086.679
2117.214
2146.214
1934.536
1877.464
1891.179
1892.214
1862.345
1668.483
1950.897
1986.276
1988.276
2194.655
2258.379
2271.621
2307
2383.138
2194.655
2230.034
2497.621
2525.621
1798.379
1874.517
1938.241
1940.241
2222.655
2207.897
2302.034
2337.414
2399.138
2401.138
2414.379
2315.276
2597.69
1919.679
1933.393
1919.679
1998.536
2064.536
2234.393
2264.929
2293.929
2294.964
2299.536
2299.536
2313.25
2301.607
1758.714
2051.214
2087.857
2116.321
2116.321
2408.821
2445.464
2459.179
2525.179
2120.893
1912.179
2204.679
2481.821
2695.571
2766.621
2794.621
2870.759
2934.483
2748.759
2674.414
2675.414
2679.828
2755.966
2937.1
2998.7
3198.2
3255.533
3171.567
3173.5
3190.6
3450.8
3463.6
3390.1
3648.767
3739.767
3813.367
3823.633
3875.833
2963.241
2572.034
2632.034
2670.31
2876.69
2952.828
2980.828
3004.966
3287.379
3291.793
3455.793
3531.931
3532.931
3560.931
3627.828
3910.241
3862.103
4026.103
4232.483
4500.069
4576.207
3857.138
3459.483
3665.862
3547.448
3829.862
3906
3744
3772
3776.414
4058.828
4326.414
4354.414
4430.552
4594.552
4629.931
4693.655
4900.034
4928.034
4991.759
4096.483
4378.897
4646.483
4852.862
5016.862
4982.172
5058.31
5086.31
5088.31
5101.552
5265.552
5505.138
4134.929
4213.786
4242.786
4412.643
4623.786
4916.286
5130.036
5032
5098
5134.643
5148.357
4861.036
4863.107
4899.75
5039.071
5331.571
5336.143
5187.517
5469.931
5546.069
5156.552
5169.793
5171.793
5199.793
5467.379
4874.138
4874.138
4968.276
3858.69
3886.69
3888.69
3901.931
3978.069
4260.483
4424.483
4488.207
4053.069
4055.069
4068.31
4232.31
4308.448
4576.034
4858.448
3236.931
2820
2883.724
2646.517
2734.379
2762.379
3044.793
3049.207
3051.207
3029.069
2985.483
3049.207
3125.345
3289.345
3353.069
3635.483
3663.483
3665.483
3871.862
3907.241
3942.621
3970.621
3972.621
4179
4242.724
4406.724
4613.103
4293.31
4575.724
4611.103
4406.724
4570.724
4646.862
4660.103
4662.103
4690.103
4753.828
5036.241
4592.448
4603.069
4607.483
4488.1
4761.1
4834.7
4500.967
3681.133
3839.667
3873.867
3900.933
4173.933
4202.433
4074.367
4076.3
4137.9
4337.4
4364.467
4398.667
4472.267
3915.833
4074.367
4122.367
3383.533
3593
3792.5
3866.1
3900.3
3902.233
3963.833
3890.333
3951.933
3979
3980.933
3993.733
4266.733
4346
4043.1
3946.167
4104.7
4304.2
4306.133
3850.367
3884.567
2484.9
2558.5
2560.433
2587.5
2649.1
2848.6
3121.6
3134.4
2565.552
2629.276
2314.321
2606.821
2643.464
2150.536
2443.036
2720.179
2733.036
2902.893
2838.172
2901.897
2929.897
2157.724
2321.724
2604.138
2680.276
2886.655
2888.655
2916.655
2929.897
3093.897
3157.621
3086.567
3286.067
3288
3315.067
2037
1867.6
1901.8
1963.4
2024.2
1997.133
1802.897
1838.276
1902
2066
2094
2300.379
2376.517
2540.517
2604.241
2680.379
2708.379
2975.966
3182.345
3195.586
3197.586
3480
3747.586
3775.586
3851.724
4015.724
4079.448
3916.067
4154.867
3522.533
3398.2
3597.7
3599.633
3661.233
3454
3482
3556.138
3762.517
3261.31
3163.034
3079
3352
3425.6
3365.933
3524.467
3797.467
3859.067
3887.567
3961.167
4025.833
3929.065
3941.452
4228.774
4300
4328.097
3915.097
3916.968
4110.032
4126.581
4278.129
4289.742
4540.065
4733.129
4735
4751.548
4763.935
4490.452
4079.3
4170.3
4204.5
4363.033
4436.633
4498.233
4525.3
4783.967
5056.967
5085.467
4090
4289.5
3667.267
3671.533
3609.933
3882.933
3956.533
4131.233
4330.733
4489.267
4516.333
4518.267
4579.867
4653.467
4912.133
4266.833
4466.333
4739.333
4800.933
4802.867
4815.667
4842.733
4704.833
4482.767
4484.7
4684.2
4718.4
4876.933
5085.862
5115.345
4008.379
4008.379
4072.103
4148.241
4415.828
4451.207
4657.586
4670.828
4834.828
5039.207
5067.207
4475.448
4488.69
4516.69
4723.069
5005.483
5287.897
5323.276
5399.414
5463.138
5526.862
5794.448
5794.448
5371.103
5577.483
5535.586
5741.862
5818
5458.621
5471.862
4891.828
4955.552
4851.966
5058.345
5340.759
5608.345
5636.345
5712.483
5650.759
4912.276
4923.517
4958.897
5226.483
5302.621
5585.034
5614.517
5418.759
5625.138
5418.759
4326.517
4390.241
4078.897
4080.897
4108.897
4315.276
4391.414
4420.897
4202.103
4215.345
4250.724
4533.138
4609.276
4302.379
4378.517
4472.655
4539.552
4553.552
4583.034
4491.867
4637.267
4671.467
4684.267
4842.8
4872.567
4900.733
4991.733
5002
5075.6
5068.467
5147.733
5176.233
5240.9
5331.9
5342.167
4457.172
4231.862
4125
4186.6
4342.828
4436.966
4503.862
4531.862
4608
4618.621
4823.138
4506.2
4533.267
4546.067
4819.067
5138.8
5212.4
4443.1
4504.7
4704.2
4862.733
4927.4
5018.4
5045.467
5092.267
5250.8
5450.3
5459.133
5532.733
5543
5307.6
5307.6
5507.1
5121.4
5020.733
5094.333
5367.333
5394.4
5396.333
5595.833
5657.433
5731.033
5989.7
6262.7
6275.5
5545.033
5622.367
5308.4
5382
5581.5
5594.3
5522.633
5596.233
5630.433
5692.033
5891.533
6164.533
6423.2
6435.2
6526.2
6348.774
6551.419
6815.613
6886.839
6946.452
6489.194
6642.613
6642.613
6082.548
6216
5197.484
5461.677
5487.871
5500.258
5502.129
5032.484
5296.677
5309.065
5397.129
5401.258
4931.613
4939.871
5116
5149.097
5175.29
5368.355
5380.742
5644.935
4121.733
4001.161
4034.258
4284.581
4355.806
4415.419
4679.613
4872.677
4874.548
4938.871
4951.258
4758.29
4109.032
4373.226
4566.29
4592.484
4594.355
4627.452
4687.065
4732
4765.097
4648.484
4674.677
4687.065
4951.258
4963.645
4699.452
4759.065
4846.935
4752.6
4826.2
4587.4
4847.6
4256
4283.067
4482.567
4434.1
4421.3
4694.3
4728.5
4741.3
4768.367
4967.867
4494.9
3684.4
3957.4
3984.467
4183.967
4126.967
4326.467
4585.133
4658.733
4720.333
4993.333
5151.867
5153.8
5016.667
4269.276
4447.655
4475.655
3849.7
3862.5
4135.5
4408.5
4410.433
4568.967
4581.767
4608.833
4867.5
4941.1
5099.633
5173.233
5186.033
5459.033
5717.7
5751.9
5753.833
5953.333
5758.467
5547.067
5805.733
5832.8
5906.4
6017.867
6290.867
6319.367
6332.167
6405.767
6406.733
6486
5496.033
5351.839
5173.677
5327.097
5339.484
5341.355
5367.548
5617.871
5705.935
5501.613
5655.032
5714.645
5740.839
5991.161
6255.355
6259.484
6287.065
6358.29
5492.839
5564.065
5552.452
5564.839
5597.935
5875.433
5877.367
5938.967
5956.067
6214.733
6278.452
6290.839
6362.065
5525.935
5934.6
6134.1
6136.033
6209.633
6271.233
6298.3
6311.1
6469.633
6628.167
6630.1
6657.167
6915.833
7188.833
6638.833
6643.1
6901.767
6804.833
7077.833
7277.333
7279.267
7352.867
7387.067
7399.867
7558.4
6716.7
6329.8
6342.6
6096.167
6163.71
6177.645
6224.871
6257.968
6437.065
6508.29
6661.71
6351.167
6415.833
6442.9
6443.867
6248.387
6531.194
5799.613
5679.29
5705.484
5955.806
6220
6413.065
6638.833
6651.633
6380.167
6392.967
6466.567
6666.067
6668
6729.6
6988.267
7022.467
7136.933
6678.7
6937.367
6651.633
4936.759
4964.759
5171.138
5335.138
5398.862
5400.862
5414.103
5477.828
5553.966
5717.966
6000.379
6206.759
5169
5197
5464.586
5400.862
5041.483
5105.207
5118.448
5212.586
3398.034
3400.034
3606.414
3670.138
3806.138
4073.724
4101.724
4106.138
4120.897
4388.483
4239.071
4317.929
4531.679
4560.679
4562.75
4628.75
4239.071
3334.107
3412.964
3412.964
3441.964
3719.107
4011.607
4225.357
4291.357
4239.071
3917.464
3917.464
3996.321
4210.071
4239.071
4305.071
4408.929
4622.679
4899.821
4196.357
4226.893
4255.893
4144.517
4220.655
4284.379
4551.966
4553.966
4766.586
4794.586
5062.172
4654.724
4682.724
4889.103
4965.241
4667.138
4730.862
4744.103
4820.241
4848.241
5130.655
5148.345
5415.931
5426.552
4302.931
4585.345
4378.862
4661.276
4696.655
4709.897
4773.621
4740.069
4768.069
4844.207
4907.931
4974.828
4975.828
5005.31
4395.034
4408.276
4404.862
4687.276
4700.517
4776.655
4983.034
5011.034
5012.034
5078.931
5068.167
5129.767
5329.267
5390.867
5417.933
5419.867
5424.133
5497.733
5588.733
5668
5679.933
5708.433
5721.967
5539.258
5580.935
5705.387
5758.806
5771.194
5968.032
6027.645
6277.968
6227.484
5917.548
5929.935
6001.161
5736.968
6001.161
6265.355
6336.581
6362.774
6613.097
6646.194
6658.581
6718.194
6942.323
6968.516
7028.129
6720.065
6791.29
6817.484
6877.097
6596.355
6552.71
6662.161
6600.677
6864.871
7018.29
7020.161
7032.548
6709.533
6719.8
6446.8
6719.8
6422.067
6434.867
6469.067
6742.067
7000.733
6801.333
6754
6992.8
7005.6
6459.567
6056.3
6083.367
6093.633
6167.233
5716.484
5749.581
5811.645
5844.742
6108.935
6180.161
6239.774
6241.645
6395.065
6659.258
6730.484
6742.871
6802.484
6828.677
6482.516
6352.032
6302.156
5688.968
5855.839
5915.452
5927.839
5999.065
6263.258
6289.452
6299.387
6549.71
6577.29
6654
6667.097
6714.688
6783.688
6770.688
6858.438
6847.875
6996
7005.625
7009.625
7023
6606.5
6608.313
6756.938
6825.938
6883.688
6895.688
6851.313
7024.813
7182.375
7207.75
7217.375
7032.625
7064.688
7090.063
7332.563
7519.5
7519.5
7473.313
6629.258
6370.548
6398.129
6460.71
6514.75
6583.75
6641.5
6665.645
6644.375
6793
7205.438
6709.875
6748.281
6990.781
7094.452
7154.065
7307.484
6898.194
6957.806
6959.677
6972.065
7043.29
7003.645
7196.71
7460.903
7333.677
7597.871
7630.968
7643.355
7702.968
7953.29
8024.516
6672.968
6420.29
6573.71
6824.032
7017.097
7043.29
7131.355
7193.032
7219.226
7252.323
7311.935
7324.323
7395.548
7381.677
7125.484
7318.548
7568.871
7833.065
7904.29
7963.903
7307.484
7367.097
7393.29
7307.484
6985.161
7138.065
7197.677
7210.065
7298.129
7324.323
7395.548
6881.032
7145.226
7216.452
7369.871
7247.516
7009.516
7131.355
7158.935
7218.548
7244.742
7246.613
7317.839
6548.258
6701.677
6789.742
6656.29
6223
6294.226
6308.097
6389.516
6639.839
6641.71
6834.774
7016.067
6954.467
6622.2
6880.867
6868.067
6880.867
6669.467
6613.467
6379.419
6439.032
6492.452
6525.548
6789.742
6067.516
5805.484
6055.806
6065.742
6066.677
6094.258
5661.313
5712.938
5781.938
5807.313
5819.313
5993.719
6179.719
6218.5
6633.063
6076.125
5515.375
5527.375
5585.125
5841.063
6083.563
6076.875
6134.625
6203.531
6272.531
6284.531
6286.344
6311.719
6498.75
6172
6134.625
6160
6402.5
6145.875
6149.906
6161.906
6219.656
6462.156
6565.969
6591.344
5410.281
5479.281
5721.781
5977.719
6009.781
6067.531
6092.906
5370.063
5626
5695
5699
5537.344
5538.25
5450.938
5477.656
5029.469
5285.406
5293.219
5305.219
5146.212
5381.364
5562.727
5441.152
5004.094
5036.156
5048.156
4780.969
5036.906
5105.906
5246.594
5433.625
5433.625
5415.839
5377.71
5390.097
5461.323
5473.71
5533.323
5566.419
5592.613
5830.613
5713.129
5739.323
4974.484
4865.516
4928.097
4186.194
4245.806
4210.613
4123.323
4135.71
4206.935
4471.129
4624.548
4883.839
4916.935
4976.548
5047.774
4628.29
4687.903
4714.097
4703.581
4729.774
4922.839
4502.065
4264.129
4237.613
4501.806
4528
4778.323
4837.935
4608.226
4417.032
4443.226
4636.29
4789.71
4815.903
4828.29
4830.161
4889.774
4961
5211.323
5475.516
5739.71
5809.065
5821.452
5823.323
5849.516
5909.129
6102.194
5823.323
5477.387
5630.806
5895
5911.548
5937.742
5965.323
5975.258
6044.613
5827.71
5898.935
6092
6356.194
6382.387
6384.258
6634.581
6646.968
6118.484
5186.833
5386.333
5386.333
4891.067
4909.467
5000.467
4687.613
4747.226
4940.29
4966.484
4999.581
5070.806
5335
5488.419
5723.258
5236.645
5296.258
4323.097
4349.29
4542.355
4585.516
4778.581
4838.194
4840.065
4673.194
4706.29
4800.097
4514.29
4345.548
4512.419
4514.29
4516.161
4542.355
4806.548
4999.613
5070.839
5083.226
5142.839
5296.258
5393.161
3865.032
4129.226
4141.613
4212.839
4463.161
4522.774
4555.871
4748.935
4748.935
4750.806
4285.419
4311.613
4504.677
4575.903
4609
4668.613
4750.806
4500.484
4693.548
4943.871
4763.194
4834.419
4794.774
4966.258
5216.581
5249.677
5309.29
5311.161
5504.226
4762.419
4795.516
4807.903
4736.677
4909.167
4682.6
4709.667
4909.167
5167.833
5440.833
5640.333
5653.133
5811.667
5845.867
6104.533
5940.71
6000.323
6002.194
6195.258
6459.452
6530.677
6684.097
5911.839
5669.677
5670.613
5680.548
5751.774
5777.968
5291.032
5379.097
4923.903
4918.656
5291.188
4922.813
4980.563
5223.063
5479
5548
5696.625
5254.281
5266.281
5266.281
5508.781
5534.156
5682.781
5714.844
5970.781
5972.594
6041.594
6099.344
6124.719
6367.219
6515.844
5949.375
6124.406
6161.548
6232.774
6245.161
6509.355
6773.548
6806.645
6866.258
6868.129
6895.71
6905.645
6909.774
6981
7043.581
5208.903
4852
4956.313
4988.375
5000.375
5058.125
5336.75
5362.125
5618.063
5619.875
4991.563
5049.313
5065.344
5134.344
5069.344
5096.063
4972.727
5116.848
5365.03
4911.848
4911.848
4978.758
5034.758
5050.303
5194.424
4905.636
4993.758
5060.667
5242.03
5490.212
5514.818
5516.576
5751.727
5763.364
5763.364
4937.242
4996.03
5089.971
5154.912
5209.265
5233.147
5409.176
5205.794
5175.324
5100.382
5240.265
4665.529
4667.235
4908.118
4938.294
5166.529
3766.324
3820.676
3616.324
3688.667
3870.03
4105.182
4353.364
4353.364
3621.758
3664.061
3912.242
4147.394
4328.758
4472.879
4497.485
4353.364
4317.545
4342.455
4354.091
4353.364
4353.364
4377.97
4379.727
4446.636
4505.424
4588.152
4464.5
4604.382
4659.559
4936.147
5112.176
5353.059
5418
5475.059
4719.676
4121.412
4362.294
4502.176
4532.353
4708.382
4719.676
4719.676
4686.5
4577.088
4642.029
4870.265
5111.147
5278.118
5418
4947.441
4925.265
4949.147
5177.382
5418.265
4941.606
5085.727
5229.848
5296.758
5531.909
5533.667
5354.515
5354.515
5152.636
5152.636
5431.688
4894.844
4927.219
4996.219
5090.094
5057.719
5313.656
5431.688
5500.688
5512.688
5570.438
5826.375
5851.75
5853.563
6096.063
6244.688
5302.406
5001.656
5257.594
5282.969
5284.781
5296.781
5371.094
5440.094
4193.75
3928.625
4171.125
4196.5
4198.313
4210.313
4210.313
4279.313
4242.375
4391
4429.4
4480.733
4542.333
4568.867
4603.067
4280.867
4282.8
4344.4
4110.8
4269.333
4542.333
4480.733
4485
4373.419
4637.613
4708.839
2914.29
3164.613
3318.032
3351.129
3544.194
3556.581
3820.774
4013.839
4085.065
4144.677
4170.871
4175
4175.935
4168.688
3445.438
2868.313
2900.375
2912.375
2922
2576.25
2800.387
2640.419
2833.484
2845.871
3110.065
3348
