0.26
0.21
0.207
0.208
0.213
0.212
0.212
0.202
0.477
0.209
0.192
0.193
0.197
0.19
0.249
0.479
0.28
0.269
0.204
0.188
0.188
0.19
0.191
0.195
0.191
0.419
0.46
0.193
0.19
0.189
0.191
0.242
0.202
0.191
0.19
0.192
0.188
0.195
0.193
0.283
0.192
0.186
0.246
0.188
0.432
0.194
0.189
0.19
0.247
0.198
0.2
0.194
0.186
0.2
0.197
0.199
0.186
0.192
0.242
0.194
0.189
0.19
0.188
0.188
0.2
0.194
0.243
0.33
0.196
0.212
0.355
0.321
0.194
0.207
0.199
0.2
0.201
0.188
0.248
0.202
0.187
0.199
0.205
0.19
0.192
0.192
0.193
0.2
0.193
0.191
0.479
0.27
0.268
0.26
0.19
0.278
0.192
0.19
0.319
0.343
0.358
0.304
0.326
0.294
0.309
0.295
0.295
0.297
0.306
0.308
0.653
0.304
0.661
0.66
0.306
0.307
0.227
0.21
0.192
0.276
0.188
0.191
0.194
0.196
0.201
0.192
0.19
0.198
0.192
0.19
0.189
0.187
0.193
0.192
0.193
0.244
0.198
0.259
0.269
0.197
0.188
0.192
0.188
0.188
0.199
0.191
0.187
0.196
0.495
0.441
0.191
0.188
0.205
0.216
0.189
0.188
0.195
0.266
0.198
0.51
0.196
0.189
0.191
0.199
0.196
0.189
0.191
0.2
0.189
0.438
0.201
0.189
0.196
0.215
0.319
0.735
0.349
0.276
0.335
0.435
0.206
0.207
0.342
0.254
0.299
0.318
0.234
0.194
0.191
0.194
0.54
0.478
0.267
0.192
0.202
0.193
0.19
0.197
0.195
0.189
0.196
0.188
0.194
0.271
0.199
0.262
0.265
0.263
0.622
0.264
0.262
0.695
0.612
0.305
0.628
0.611
0.185
0.184
0.208
0.187
0.189
0.203
0.195
0.194
0.203
0.203
0.401
0.406
0.34
0.339
0.368
0.526
0.492
0.485
0.543
0.428
0.367
0.318
0.21
0.195
0.267
0.494
0.268
0.27
0.201
0.466
0.681
0.696
0.539
0.319
0.316
0.337
0.341
0.192
0.435
0.529
0.559
0.515
0.194
0.233
0.199
0.196
0.189
0.184
0.188
0.237
0.223
0.193
0.189
0.201
0.268
0.187
0.249
0.471
0.274
0.259
0.189
0.194
0.192
0.19
0.196
0.186
0.188
0.197
0.475
0.198
0.186
0.195
0.237
0.188
0.429
0.186
0.427
0.187
0.198
0.188
0.243
0.203
0.2
0.19
0.189
0.195
0.269
0.268
0.259
0.268
0.259
0.257
0.258
0.236
0.198
0.191
0.188
0.198
0.191
0.198
0.189
0.188
0.193
0.188
0.189
0.197
0.192
0.188
0.199
0.196
0.19
0.196
0.189
0.245
0.19
0.27
0.311
0.3
0.261
0.265
0.186
0.194
0.193
0.26
0.265
0.262
0.262
0.746
1.084
0.994
0.384
0.356
0.187
0.185
0.192
0.198
0.186
0.192
0.187
0.2
0.188
0.254
0.199
0.193
0.186
0.256
0.186
0.427
0.187
0.193
0.19
0.198
0.415
0.198
0.447
0.424
0.124
0.126
0.122
0.224
0.166
0.151
0.123
0.123
0.282
0.128
0.127
0.122
0.12
0.127
0.123
0.119
0.128
0.283
0.108
0.14
0.135
0.44
0.133
0.136
0.123
0.123
0.103
0.103
0.102
0.108
0.102
0.102
0.107
0.111
0.104
0.108
0.104
0.106
0.109
0.106
0.263
0.145
0.181
0.159
0.145
0.147
0.102
0.108
0.103
0.106
0.11
0.103
0.107
0.234
0.254
0.147
0.109
0.104
0.105
0.104
0.105
0.108
0.103
0.113
0.128
0.16
0.167
0.152
0.161
0.165
0.154
0.161
0.35
0.224
0.173
0.168
0.111
0.102
0.102
0.133
0.11
0.104
0.104
0.104
0.103
0.107
0.107
0.102
0.261
0.102
0.107
0.103
0.106
0.107
0.104
0.102
0.105
0.236
0.104
0.103
0.105
0.106
0.104
0.114
0.144
0.145
0.143
0.108
0.111
0.122
0.138
0.108
0.104
0.11
0.11
0.147
0.169
0.162
0.159
0.214
0.227
0.229
0.142
0.238
0.135
0.243
0.107
0.107
0.101
0.104
0.105
0.101
0.134
0.112
0.266
0.228
0.26
0.106
0.108
0.267
0.111
0.257
0.243
0.148
0.239
0.139
0.145
0.307
0.154
0.144
0.148
0.142
0.171
0.156
0.146
0.15
0.142
0.105
0.111
0.106
0.103
0.234
0.107
0.107
0.136
0.11
0.11
0.115
0.294
0.152
0.107
0.103
0.106
0.27
0.246
0.164
0.15
0.176
0.325
0.182
0.145
0.149
0.144
0.165
0.148
0.148
0.146
0.156
0.156
0.115
0.107
0.104
0.11
0.102
0.101
0.105
0.104
0.103
0.114
0.105
0.111
0.103
0.104
0.108
0.102
0.105
0.144
0.184
0.107
0.111
0.109
0.105
0.104
0.105
0.167
0.166
0.221
0.153
0.154
0.143
0.145
0.146
0.149
0.146
0.147
0.144
0.148
0.145
0.145
0.147
0.144
0.146
0.112
0.104
0.15
0.145
0.147
0.144
0.363
0.187
0.184
0.186
0.114
0.109
0.104
0.104
0.107
0.102
0.102
0.106
0.103
0.103
0.111
0.104
0.136
0.105
0.107
0.103
0.151
0.205
0.108
0.11
0.117
0.112
0.106
0.101
0.111
0.104
0.265
0.142
0.164
0.145
0.147
0.207
0.106
0.144
0.105
0.113
0.104
0.104
0.27
0.192
0.187
0.104
0.107
0.131
0.105
0.103
0.103
0.111
0.104
0.103
0.109
0.103
0.106
0.103
0.102
0.103
0.104
0.137
0.104
0.102
0.106
0.109
0.104
0.104
0.106
0.103
0.103
0.109
0.105
0.111
0.103
0.102
0.108
0.102
0.102
0.105
0.109
0.137
0.149
0.155
0.15
0.145
0.145
0.145
0.15
0.107
0.104
0.104
0.236
0.233
0.103
0.238
0.144
0.149
0.144
0.106
0.236
0.231
0.236
0.237
0.236
0.24
0.106
0.108
0.104
0.111
0.234
0.237
0.246
0.242
0.232
0.229
0.223
0.231
0.236
0.241
0.115
0.14
0.111
0.264
0.234
0.275
0.255
0.148
0.218
0.106
0.103
0.11
0.148
0.143
0.105
0.243
0.106
0.109
0.103
0.144
0.149
0.172
0.157
0.16
0.106
0.104
0.111
0.102
0.107
0.105
0.104
0.108
0.105
0.106
0.19
0.15
0.223
0.223
0.238
0.306
0.607
0.625
0.124
0.105
0.103
0.112
0.114
0.109
0.111
0.104
0.105
0.113
0.112
0.121
0.113
0.104
0.105
0.106
0.105
0.166
0.104
0.11
0.116
0.106
0.24
0.262
0.143
0.231
0.25
0.102
0.152
0.144
0.106
0.106
0.108
0.101
0.107
0.105
0.116
0.108
0.184
0.181
0.197
0.17
0.226
0.176
0.17
0.243
0.245
0.25
0.248
0.246
0.238
0.24
0.239
0.314
0.246
0.239
0.246
0.24
0.25
0.185
0.177
0.178
0.172
0.193
0.184
0.182
0.177
0.185
0.181
0.234
0.211
0.238
0.191
0.186
0.18
0.183
0.203
0.452
0.403
0.409
0.426
0.442
0.259
0.169
0.177
0.28
0.186
0.187
0.182
0.176
0.311
0.46
0.132
0.189
0.125
0.121
0.112
0.111
0.116
0.335
0.314
0.265
0.271
0.399
0.208
0.313
0.214
0.156
0.164
0.158
0.172
0.169
0.201
0.181
0.183
0.33
0.329
0.34
0.425
0.189
0.632
0.269
0.432
0.181
0.445
0.129
0.139
0.282
0.134
0.129
0.128
0.136
0.164
0.136
0.317
0.235
0.178
0.185
0.178
0.23
0.249
0.181
0.184
0.184
0.133
0.187
0.193
0.242
0.212
0.206
0.133
0.165
0.15
0.132
0.132
0.243
0.199
0.175
0.184
0.385
0.875
0.462
1.155
0.139
0.354
0.134
0.128
0.306
0.132
0.126
0.135
0.125
0.138
0.142
0.167
0.325
0.18
0.193
0.196
0.205
0.293
0.188
0.193
0.18
0.181
0.198
0.173
0.177
0.134
0.127
0.136
0.128
0.137
0.104
0.11
0.104
0.102
0.106
0.103
0.224
0.143
0.145
0.147
0.337
0.422
0.176
0.363
0.182
0.106
0.101
0.099
0.101
0.099
0.221
0.21
0.183
0.104
0.103
0.101
0.106
0.364
0.168
0.254
0.144
0.139
0.149
0.144
0.173
0.15
0.151
0.179
0.159
0.148
0.146
0.151
0.143
0.148
0.15
0.153
0.145
0.146
0.169
0.111
0.109
0.109
0.152
0.155
0.365
0.109
0.112
0.117
0.109
0.154
0.148
0.155
0.147
0.181
0.148
0.155
0.15
0.109
0.109
0.113
0.247
0.107
0.26
0.25
0.248
0.38
0.424
0.234
0.228
0.235
0.227
0.171
0.162
0.163
0.165
0.166
0.169
0.165
0.168
0.171
0.164
0.167
0.229
0.231
0.229
0.233
0.226
0.229
0.227
0.225
0.231
0.166
0.172
0.178
0.169
0.166
0.168
0.171
0.167
0.165
0.168
0.162
0.168
0.377
0.416
0.37
0.366
0.163
0.162
0.171
0.165
0.194
0.177
0.405
0.23
0.234
0.229
0.234
0.163
0.229
0.228
0.225
0.226
0.265
0.168
0.176
0.168
0.167
0.391
0.184
0.157
0.238
0.231
0.154
0.383
0.326
0.339
0.658
0.419
0.288
0.319
0.848
0.169
0.255
0.179
0.158
0.139
0.108
0.111
0.423
1.057
0.343
0.341
0.291
0.311
0.336
0.255
0.212
0.225
0.235
0.186
0.203
0.142
0.281
0.204
0.136
0.477
0.235
0.369
0.153
0.153
0.294
0.447
0.359
0.582
0.24
0.317
0.242
0.245
0.239
0.246
0.174
0.203
0.174
0.17
0.17
0.305
0.16
0.147
0.154
0.149
0.443
0.32
0.287
0.281
0.405
0.423
0.285
0.345
0.255
0.281
0.348
0.207
0.191
0.24
0.154
0.114
0.107
0.12
0.112
0.109
0.108
0.122
0.136
0.29
0.157
0.222
0.257
0.254
0.161
0.108
0.467
0.336
0.347
0.239
0.243
0.251
0.149
0.174
0.11
0.113
0.114
0.112
0.107
0.111
0.107
0.118
0.109
0.107
0.164
0.107
0.137
0.189
0.21
0.21
0.175
0.166
0.163
0.167
0.167
0.161
0.164
0.161
0.173
0.164
0.223
0.354
0.316
0.16
0.194
0.153
0.277
0.148
0.155
0.147
0.149
0.243
0.118
0.239
0.27
0.157
0.149
0.158
0.151
0.269
0.153
0.154
0.11
0.112
0.118
0.108
0.105
0.106
0.111
0.106
0.11
0.108
0.108
0.112
0.107
0.271
0.31
0.188
0.215
0.178
0.202
0.153
0.114
0.146
0.173
0.116
0.108
0.109
0.111
0.108
0.262
0.111
0.316
0.16
0.148
0.151
0.151
0.154
0.157
0.154
0.149
0.151
0.15
0.107
0.11
0.107
0.106
0.113
0.107
0.146
0.107
0.268
0.108
0.106
0.159
0.148
0.153
0.146
0.106
0.107
0.105
0.112
0.113
0.106
0.111
0.11
0.105
0.106
0.11
0.106
0.112
0.149
0.173
0.157
0.146
0.155
0.151
0.151
0.107
0.107
0.16
0.115
0.108
0.105
0.106
0.105
0.108
0.147
0.148
0.147
0.152
0.156
0.147
0.164
0.161
0.147
0.153
0.153
0.107
0.107
0.113
0.244
0.263
0.17
0.15
0.113
0.107
0.111
0.107
0.106
0.109
0.115
0.312
0.157
0.154
0.147
0.152
0.147
0.151
0.151
0.154
0.149
0.156
0.152
0.155
0.148
0.159
0.205
0.117
0.107
0.107
0.111
0.13
0.108
0.115
0.107
0.113
0.108
0.108
0.116
0.107
0.107
0.152
0.155
0.109
0.247
0.107
0.256
0.147
0.176
0.148
0.156
0.166
0.153
0.148
0.15
0.154
0.147
0.152
0.153
0.146
0.149
0.266
0.25
0.166
0.179
0.168
0.178
0.168
0.395
0.195
0.239
0.294
0.242
0.236
0.181
0.407
0.171
0.17
0.172
0.168
0.166
0.175
0.242
0.446
0.241
0.318
0.348
0.449
0.259
0.24
0.25
0.194
0.966
0.272
0.297
0.562
0.561
0.55
0.635
0.359
0.322
0.178
0.256
0.245
0.249
0.181
0.175
0.172
0.173
0.202
0.259
0.261
0.515
0.34
0.271
0.566
0.245
1.174
0.469
0.259
0.195
0.218
0.23
0.185
0.203
0.342
0.186
0.184
0.209
0.287
0.176
0.296
0.188
0.178
0.217
0.194
0.273
0.164
0.169
0.16
0.213
0.279
0.431
0.274
0.264
0.355
0.185
0.186
0.236
0.176
0.182
0.196
0.262
0.19
0.186
0.193
0.247
0.258
0.277
0.173
0.173
0.199
0.251
0.182
0.186
0.179
0.187
0.181
0.218
0.265
0.178
0.186
0.518
0.304
0.179
0.219
0.179
0.175
0.439
0.184
0.183
0.181
0.292
0.244
0.189
0.199
0.178
0.202
0.199
0.182
0.225
0.175
0.17
0.203
0.171
0.165
0.28
0.177
0.181
0.17
0.181
0.111
0.158
0.183
0.168
0.167
0.166
0.165
0.173
0.173
0.397
0.375
0.424
0.226
0.239
0.264
0.361
0.227
0.347
0.225
0.219
0.233
0.321
0.445
0.254
0.224
0.219
0.221
0.228
0.221
0.558
0.286
0.158
0.16
0.159
0.154
0.158
0.157
0.156
0.154
0.358
0.159
0.153
0.16
0.177
0.16
0.231
0.22
0.262
0.162
0.151
0.159
0.153
0.153
0.16
0.153
0.405
0.378
0.166
0.111
0.1
0.101
0.122
0.105
0.098
0.099
0.099
0.231
0.221
0.251
0.151
0.143
0.148
0.145
0.106
0.102
0.108
0.103
0.106
0.103
0.103
0.232
0.233
0.183
0.149
0.142
0.163
0.143
0.146
0.14
0.146
0.103
0.101
0.122
0.098
0.1
0.104
0.103
0.106
0.1
0.129
0.1
0.107
0.1
0.097
0.108
0.228
0.225
0.099
0.1
0.099
0.094
0.099
0.099
0.096
0.096
0.096
0.098
0.095
0.094
0.099
0.095
0.217
0.153
0.115
0.096
0.095
0.098
0.099
0.109
0.239
0.111
0.238
0.138
0.132
0.154
0.137
0.142
0.149
0.135
0.137
0.137
0.131
0.135
0.132
0.152
0.136
0.137
0.139
0.276
0.334
0.126
0.101
0.099
0.098
0.144
0.141
0.141
0.137
0.141
0.181
0.144
0.228
0.23
0.16
0.138
0.137
0.138
0.136
0.146
0.137
0.101
0.098
0.101
0.099
0.101
0.099
0.1
0.1
0.102
0.1
0.106
0.099
0.103
0.1
0.098
0.102
0.099
0.266
0.143
0.143
0.148
0.142
0.174
0.143
0.343
0.365
0.323
0.341
0.327
0.176
0.178
0.136
0.143
0.143
0.136
0.139
0.138
0.139
0.132
0.136
0.189
0.134
0.134
0.131
0.137
0.134
0.174
0.174
0.132
0.133
0.137
0.137
0.135
0.137
0.16
0.137
0.136
0.099
0.101
0.097
0.104
0.099
0.101
0.096
0.099
0.125
0.103
0.232
0.139
0.14
0.11
0.106
0.1
0.101
0.104
0.104
0.099
0.101
0.254
0.142
0.137
0.099
0.101
0.106
0.102
0.103
0.125
0.104
0.105
0.102
0.106
0.104
0.103
0.108
0.254
0.142
0.148
0.268
0.238
0.106
0.104
0.112
0.102
0.108
0.102
0.106
0.102
0.107
0.103
0.102
0.253
0.237
0.264
0.114
0.107
0.178
0.172
0.169
0.167
0.17
0.701
0.539
0.922
0.17
0.185
0.262
0.165
0.161
2.746
0.567
0.528
0.414
0.16
0.225
0.22
0.223
0.216
0.221
0.159
0.216
0.229
0.219
0.23
0.158
0.156
0.157
0.17
0.158
0.167
0.372
0.225
0.223
0.169
0.175
0.171
0.185
0.219
0.11
0.099
0.101
0.106
0.237
0.299
0.153
0.393
0.156
0.417
0.215
0.212
0.29
0.141
0.144
0.293
0.259
0.254
0.28
0.133
0.309
0.277
0.462
0.283
0.172
0.119
0.152
0.099
0.094
0.1
0.252
0.137
0.106
0.098
0.424
0.133
0.137
0.132
0.198
0.134
0.222
0.148
0.159
0.154
0.148
0.155
0.332
0.156
0.149
0.462
0.169
0.421
0.515
0.234
0.319
0.277
0.244
0.302
0.227
0.169
0.21
0.164
0.187
0.177
0.2
0.166
0.497
0.159
0.161
0.145
0.151
0.161
0.149
0.195
0.148
0.155
0.149
0.177
0.157
0.175
0.4
0.205
0.208
0.207
0.156
0.35
0.344
0.34
0.354
1.42
0.315
0.274
0.266
0.366
0.212
0.191
0.185
0.201
0.187
0.197
0.204
0.192
0.192
0.269
0.634
0.226
0.164
0.156
0.354
0.161
0.217
0.75
0.167
0.156
0.156
0.151
0.154
0.157
0.145
0.211
0.553
0.23
0.22
0.217
0.357
0.159
0.153
0.157
0.209
0.162
0.439
0.243
0.151
0.161
0.158
0.157
0.152
0.156
0.185
0.147
0.158
0.549
0.23
0.218
0.165
0.346
0.151
0.147
0.152
0.351
0.148
0.147
0.147
0.152
0.104
0.097
0.096
0.103
0.095
0.218
0.257
0.259
0.477
0.214
0.267
0.258
0.224
0.214
0.208
0.212
0.212
0.207
0.216
0.149
0.155
0.213
0.201
0.21
0.146
0.154
0.148
0.146
0.149
0.163
0.209
0.344
0.146
0.344
0.211
0.206
0.254
0.225
0.364
0.231
0.151
0.155
0.153
0.147
0.156
0.149
0.147
0.156
0.149
0.146
0.15
0.152
0.15
0.145
0.154
0.149
0.154
0.341
0.21
0.211
0.209
0.208
0.228
0.217
0.176
0.166
0.166
0.584
0.249
0.176
0.185
0.186
0.18
0.164
0.169
0.168
0.162
0.414
0.179
0.2
0.217
0.182
0.186
0.46
0.311
0.244
0.455
0.365
0.792
0.223
0.304
0.244
0.255
0.254
0.269
0.336
0.266
0.268
0.229
0.24
0.232
0.226
0.249
0.241
0.234
0.239
0.248
0.233
0.207
0.277
0.225
0.224
0.222
0.464
0.388
0.373
0.201
0.44
0.415
0.23
0.209
0.211
0.958
0.924
0.389
0.88
1.115
0.356
0.317
0.184
0.17
0.184
0.172
0.175
0.431
0.184
0.166
0.165
0.19
0.202
0.203
0.2
0.18
0.549
0.439
0.45
2.097
0.294
0.286
0.273
0.24
0.607
0.319
0.221
0.169
0.169
0.171
0.18
0.167
0.18
0.176
0.175
0.177
0.288
0.191
0.166
0.116
0.133
0.303
0.246
0.248
0.235
0.247
0.253
0.244
0.642
0.249
0.173
0.246
0.171
0.257
0.171
0.219
0.175
0.239
0.249
0.245
0.432
0.303
0.254
0.595
0.186
0.169
0.187
0.171
0.685
0.245
0.274
0.322
0.374
0.398
0.177
0.179
0.168
0.175
0.191
0.299
0.18
0.508
0.198
0.193
0.189
0.196
0.195
0.212
0.194
0.204
0.195
0.435
0.437
0.231
0.264
0.201
0.283
0.185
0.178
0.187
0.178
0.414
0.252
0.25
0.252
0.257
0.337
0.305
0.261
0.463
0.275
0.293
0.267
0.271
0.192
0.217
0.208
0.189
0.188
0.508
0.192
0.197
0.194
0.177
0.173
0.228
0.256
0.207
0.222
0.192
0.254
0.19
0.22
0.283
0.179
0.183
0.305
0.261
0.304
0.258
0.29
0.265
0.315
0.34
0.315
10.365
0.342
0.313
0.303
0.458
0.427
0.472
0.273
0.342
0.337
0.337
0.32
0.336
0.299
0.318
0.714
0.271
0.366
0.364
0.342
0.386
0.428
0.376
0.333
0.34
0.356
0.241
0.216
0.361
0.291
0.306
0.669
0.337
0.296
0.287
0.311
0.335
0.295
0.317
0.333
0.274
0.215
0.23
0.231
0.218
0.214
0.216
0.312
0.211
0.467
0.238
0.188
0.189
0.194
0.184
0.193
0.197
0.19
0.23
0.197
0.203
0.431
0.465
0.559
0.263
0.268
0.207
0.367
0.28
0.267
0.387
0.259
0.258
0.188
0.2
0.185
0.281
0.256
0.255
0.183
0.19
0.244
0.266
0.308
0.307
0.246
0.187
0.189
0.224
0.223
0.176
0.18
0.184
0.258
0.28
0.26
0.255
0.268
0.183
0.193
0.19
0.206
0.187
0.193
0.192
0.24
0.432
0.464
0.181
0.419
0.182
0.188
0.27
0.194
0.198
0.189
0.223
0.187
0.251
0.407
0.431
0.242
0.238
0.252
0.182
0.238
0.244
0.178
0.173
0.175
0.951
0.28
0.334
0.214
0.182
0.193
0.178
0.188
0.634
0.188
0.41
0.398
0.249
0.253
0.246
0.335
0.334
0.379
0.245
0.32
0.239
0.396
0.397
0.408
0.299
0.181
0.171
0.187
0.177
0.175
0.259
0.239
0.452
0.482
0.413
0.413
0.732
0.537
0.312
0.18
0.209
0.176
0.181
0.311
0.184
0.184
0.223
0.236
0.705
0.169
0.172
0.89
0.386
0.424
0.243
0.267
0.163
0.161
0.193
0.173
0.173
0.267
0.244
0.239
0.224
0.825
0.423
0.239
0.244
0.223
0.218
0.217
0.342
0.294
0.236
0.216
0.218
0.217
0.223
0.19
0.264
0.184
0.158
0.171
0.357
0.162
0.369
0.412
0.319
0.266
0.162
0.26
0.219
0.392
0.208
0.212
0.217
0.21
0.212
0.344
0.211
0.209
0.502
0.255
0.581
0.234
0.806
0.562
0.804
0.313
0.298
0.295
0.407
0.348
0.166
0.884
1.248
0.159
0.164
0.167
0.256
0.375
0.595
0.243
2.02
0.227
0.219
0.21
0.167
0.165
0.199
0.168
0.175
0.172
0.163
0.16
0.214
0.235
0.345
0.232
0.183
0.169
0.161
0.195
0.42
0.378
0.374
0.439
0.205
0.225
0.181
0.499
0.193
0.183
0.193
0.199
0.586
0.483
0.489
0.493
3.909
0.359
0.258
0.351
0.267
0.288
0.282
0.277
0.247
0.238
0.263
0.269
0.352
0.284
0.463
0.213
0.193
0.445
0.189
0.204
0.442
2.975
0.184
0.562
0.246
0.18
0.168
0.177
0.183
0.175
0.182
0.18
0.302
0.686
0.517
0.42
0.241
0.172
0.167
0.172
0.231
0.746
0.222
0.19
0.231
0.184
0.203
0.18
0.395
0.394
0.454
1.094
0.199
0.184
0.169
0.174
0.178
0.198
0.435
0.407
0.181
0.419
0.454
0.215
0.444
0.239
1.461
0.245
0.268
0.267
0.281
0.303
0.176
0.187
0.278
0.226
0.186
0.266
0.237
0.365
0.223
0.327
0.264
0.254
0.309
0.235
0.248
3.673
0.285
0.238
0.3
0.271
0.272
0.314
0.699
0.419
0.447
0.504
0.301
0.257
0.231
0.236
0.186
0.188
0.182
0.269
2.038
0.244
0.195
0.176
0.429
0.336
0.295
0.259
0.251
0.263
0.244
0.337
0.253
0.195
0.183
0.183
0.164
0.194
0.25
0.744
0.251
0.377
0.193
0.256
0.416
2.443
0.764
0.57
0.228
0.297
0.181
0.239
0.221
0.252
0.259
0.261
0.404
0.269
0.205
0.288
0.213
0.182
0.42
0.251
0.587
0.318
0.264
0.254
0.29
0.288
0.321
0.416
0.382
0.299
0.21
0.247
0.26
0.268
0.228
0.221
0.238
0.566
0.337
0.352
0.314
0.205
3.023
0.276
0.17
0.185
0.177
0.168
0.18
0.18
0.186
0.245
0.544
0.394
0.409
0.435
0.448
0.232
0.181
0.204
0.427
0.439
0.45
0.191
0.204
0.176
0.276
0.298
0.278
0.267
0.258
0.275
0.267
0.177
0.483
0.194
0.424
0.43
0.529
0.281
1.51
0.293
0.287
0.211
0.184
0.487
0.273
0.271
0.368
0.322
0.522
0.828
0.263
0.253
0.262
0.247
0.444
0.19
0.193
0.449
0.216
0.442
0.511
0.188
0.207
0.197
0.268
0.214
0.189
0.656
0.28
0.29
0.266
0.235
0.201
0.197
0.195
0.198
0.19
0.187
0.21
0.186
0.173
0.171
0.179
0.229
0.28
0.243
0.236
0.648
1.858
0.401
0.447
0.428
0.242
0.24
0.24
0.237
0.224
0.23
0.267
0.233
0.287
0.254
0.295
0.259
0.289
0.335
1.746
0.238
0.32
0.235
0.26
0.287
0.893
0.246
0.213
0.274
0.243
0.301
0.314
0.32
0.331
0.302
0.249
0.224
0.245
0.206
0.277
0.24
0.245
0.243
0.292
0.525
0.225
0.252
0.244
0.242
0.278
0.253
0.223
0.239
0.156
0.161
0.162
0.15
0.214
0.158
0.352
0.395
0.497
0.203
0.163
0.17
0.256
0.19
0.367
0.363
0.363
0.383
2.74
0.301
0.299
0.253
0.292
0.215
0.231
0.222
0.196
0.225
0.225
0.516
0.258
0.158
0.398
0.212
0.252
0.229
0.225
0.216
0.321
0.302
0.28
0.307
1.542
0.473
0.393
0.399
0.178
0.363
0.165
0.437
0.229
0.24
0.282
0.225
0.372
0.153
0.148
0.154
0.176
0.223
0.157
0.172
0.189
0.179
0.158
0.246
0.224
0.299
0.339
1.072
0.313
0.253
0.292
0.177
0.466
0.254
0.237
0.199
0.248
0.232
0.238
0.199
0.229
0.229
0.2
0.199
0.218
0.191
0.209
0.282
0.36
0.215
0.229
0.211
0.202
0.291
0.259
0.265
0.298
0.255
0.213
0.238
0.217
0.198
0.222
0.222
0.228
0.3
0.216
0.276
0.281
0.51
0.429
0.249
0.215
0.214
0.449
0.281
0.394
0.164
0.16
0.156
0.152
0.189
0.148
0.164
0.164
0.152
0.216
0.181
0.272
0.416
0.279
0.242
0.161
0.546
0.224
0.529
0.947
0.204
0.182
0.158
0.414
0.226
0.261
0.24
0.227
0.29
0.266
0.242
0.226
0.235
0.248
0.215
0.248
0.233
0.216
1.265
0.219
0.556
0.233
0.247
0.214
0.153
0.164
0.163
0.145
0.166
0.228
0.165
0.381
0.283
0.212
0.216
0.22
0.212
0.529
0.258
0.168
0.169
0.169
0.268
0.277
0.227
0.215
0.223
0.215
0.15
0.158
0.151
0.156
0.149
0.151
0.369
0.254
0.155
0.146
0.15
0.15
0.195
0.274
0.165
0.158
0.154
0.17
0.147
0.183
0.151
0.154
0.177
0.158
0.164
0.148
0.146
0.158
0.146
0.348
0.352
0.17
0.364
0.361
0.431
0.432
0.443
0.224
0.227
0.205
0.201
0.211
0.226
0.213
0.203
0.205
0.212
0.209
0.217
0.205
0.2
0.216
0.157
0.155
0.406
0.216
0.204
0.21
0.208
0.293
0.22
0.243
0.157
0.204
0.33
0.373
0.218
0.227
0.21
0.273
0.205
0.225
0.225
0.346
0.405
0.724
0.718
0.619
0.212
0.215
0.217
0.658
0.689
0.307
0.271
0.317
0.744
0.176
0.183
0.174
0.47
0.433
0.183
0.364
0.361
0.234
0.306
0.229
0.224
0.446
0.278
0.283
0.358
0.526
0.455
0.286
0.214
0.153
0.185
0.153
0.175
0.15
0.152
0.152
0.215
0.227
0.208
0.216
0.214
0.223
0.211
0.214
0.21
0.518
0.281
0.277
0.266
0.209
0.246
0.209
0.204
0.223
0.163
0.159
0.165
0.151
0.146
0.168
0.16
0.197
0.304
0.221
0.382
0.396
0.199
0.193
0.171
0.197
0.223
0.208
0.193
0.205
0.163
0.398
0.376
0.375
0.211
0.209
0.28
0.25
0.231
0.285
0.516
0.261
0.543
0.233
0.552
0.216
0.184
0.168
0.175
0.164
0.175
0.428
0.391
0.385
0.391
0.158
0.166
0.155
0.213
0.149
0.162
0.552
0.229
0.218
0.244
0.332
0.208
0.327
0.183
0.185
0.156
0.201
0.176
0.153
0.169
0.898
0.215
0.24
0.521
0.237
0.206
0.197
0.162
0.148
0.159
0.398
0.215
0.226
0.191
0.157
0.161
0.152
0.156
0.661
0.35
0.165
0.151
0.154
0.157
0.371
0.147
0.162
0.342
0.233
0.222
0.225
0.216
0.207
0.205
0.202
0.227
0.226
0.151
0.162
0.801
0.178
0.164
0.182
0.206
0.477
0.478
0.259
0.271
0.304
0.606
0.86
0.541
1.735
0.582
0.523
0.217
0.226
0.251
0.226
0.211
0.209
0.167
0.168
0.163
0.161
0.147
0.227
0.527
1.871
0.216
0.216
0.501
0.521
0.488
0.486
0.516
0.272
0.276
0.253
0.893
0.394
0.296
0.209
0.227
0.221
0.261
0.377
0.251
0.256
0.211
0.222
0.172
0.166
0.163
0.162
0.171
0.179
0.146
0.161
0.511
0.153
0.207
0.534
0.18
0.171
0.155
0.148
0.348
0.162
0.165
0.165
0.165
0.15
0.146
0.156
0.152
0.145
0.415
0.175
0.193
0.417
0.397
0.377
0.362
0.386
0.21
0.149
0.392
0.356
0.175
0.206
0.171
0.185
0.16
0.165
0.171
0.235
0.315
0.296
0.223
0.22
0.223
0.221
0.513
0.268
0.152
0.337
0.351
0.47
0.307
0.285
0.25
0.612
0.256
0.696
0.315
0.297
0.387
0.2
0.437
0.236
0.391
0.306
0.3
0.237
0.219
0.15
0.387
0.204
0.231
0.819
0.36
0.431
0.212
0.218
0.53
0.214
0.227
0.21
0.214
0.206
0.214
0.71
0.308
0.284
0.256
0.211
0.454
0.214
0.208
0.2
0.212
0.204
0.23
0.303
0.253
0.239
0.359
0.332
0.319
0.379
0.322
0.319
0.346
0.321
0.61
0.381
0.392
0.286
0.266
0.678
0.634
0.619
0.912
2.508
1.43
0.568
0.335
0.336
0.821
0.405
0.501
0.398
0.237
0.206
0.226
0.212
0.235
0.336
0.265
0.209
0.206
0.199
0.193
0.193
0.198
0.473
0.195
0.428
0.263
0.292
0.236
0.224
0.414
0.204
0.212
0.366
0.252
0.296
0.688
0.338
0.585
0.381
0.349
0.272
0.272
0.276
0.282
0.28
0.711
0.327
0.331
0.228
0.226
0.211
0.219
0.21
0.351
0.412
0.21
0.207
0.204
0.207
0.169
0.224
0.224
0.271
0.211
0.282
0.172
0.211
0.206
0.175
0.222
0.219
0.208
0.209
0.204
0.214
0.227
0.213
0.232
0.589
0.58
0.209
0.516
0.533
0.502
0.618
0.828
0.171
0.636
0.177
0.226
0.157
0.161
0.159
0.365
0.162
0.153
0.165
0.354
0.279
0.604
0.283
0.285
0.273
0.217
0.242
0.229
0.37
0.204
0.233
0.221
0.215
0.231
0.211
0.229
0.162
0.18
0.398
0.245
0.224
0.235
0.246
0.237
0.154
0.384
0.161
0.162
0.201
0.695
0.282
0.244
0.282
0.27
0.513
0.213
0.218
0.221
0.236
0.218
0.21
0.218
0.225
0.229
0.236
0.214
0.327
0.239
0.235
0.231
0.23
0.302
0.229
0.234
0.433
0.228
0.26
0.238
0.822
0.716
0.509
0.498
0.544
0.228
0.221
0.263
0.227
0.218
0.343
0.202
0.269
0.253
0.3
0.262
0.427
0.248
0.148
0.269
0.215
0.266
0.473
0.21
0.865
0.213
0.299
0.397
0.155
0.195
0.338
0.152
0.373
0.228
0.199
0.139
0.136
0.132
0.132
0.178
0.134
0.138
0.177
0.141
0.138
0.139
0.134
0.137
0.154
0.136
0.136
0.137
0.139
0.133
0.142
0.133
0.137
0.144
0.134
0.164
0.141
0.139
0.134
0.134
0.336
0.099
0.375
0.152
0.236
0.158
0.171
0.18
0.175
0.204
0.162
0.16
0.166
0.231
0.233
0.22
0.556
0.298
0.29
0.278
0.288
0.342
0.269
0.383
0.171
0.363
0.411
0.393
0.227
0.246
0.238
0.167
0.174
0.171
0.165
0.167
0.387
0.43
0.392
0.506
0.206
0.202
0.177
0.21
0.519
0.213
0.492
0.488
0.434
0.187
0.188
0.187
1.466
0.252
0.275
1.206
0.332
0.327
0.326
0.56
0.337
0.25
0.253
0.257
0.246
0.339
0.27
0.249
0.305
0.246
0.504
0.252
0.625
0.27
0.278
0.27
0.266
0.314
0.266
0.201
0.195
0.188
0.197
0.451
0.193
0.19
9.145
0.45
0.467
0.206
0.202
0.214
0.198
0.2
0.207
0.378
0.195
0.489
0.294
0.311
0.269
0.283
0.29
0.272
0.263
0.271
0.194
0.227
0.184
0.196
0.189
0.188
0.205
0.209
0.189
0.191
0.21
0.202
0.192
0.195
0.291
0.371
0.264
0.265
0.274
0.239
0.257
0.19
0.178
0.177
0.117
0.269
0.125
0.136
0.121
0.27
0.176
0.177
0.169
0.179
0.173
0.202
0.224
0.174
0.175
0.169
0.191
0.185
0.213
0.197
0.443
0.193
0.453
0.238
0.256
0.318
0.306
0.4
1.754
1.846
0.332
0.336
0.31
0.156
0.144
0.192
0.138
0.185
0.188
0.182
0.182
0.183
0.181
0.175
0.175
0.168
0.17
0.169
0.17
0.171
0.167
0.174
0.166
0.171
0.182
0.166
0.17
0.166
0.124
0.12
0.124
0.119
0.117
0.174
0.27
0.226
0.169
0.431
0.217
0.285
0.121
0.137
0.156
0.13
0.121
0.34
0.173
0.184
0.159
0.188
0.162
0.169
0.161
0.163
0.179
0.164
0.166
0.158
0.158
0.162
0.193
0.199
0.162
0.163
0.161
0.433
0.247
0.204
0.196
0.164
0.155
0.124
0.114
0.115
0.133
0.118
0.126
0.109
0.22
0.143
0.112
0.124
0.268
0.151
0.156
0.111
0.106
0.108
0.107
0.247
0.111
0.24
0.113
0.274
0.15
0.143
0.143
0.144
0.142
0.14
0.141
0.147
0.142
0.145
0.158
0.141
0.106
0.103
0.105
0.136
0.14
0.146
0.136
0.134
0.136
0.138
0.138
0.156
0.138
0.213
0.14
0.144
0.136
0.136
0.108
0.1
0.139
0.136
0.137
0.138
0.141
0.135
0.136
0.133
0.165
0.14
0.139
0.161
0.151
0.138
0.133
0.134
0.163
0.141
0.132
0.137
0.134
0.137
0.132
0.319
0.335
0.176
0.172
0.095
0.1
0.095
0.094
0.144
0.135
0.136
0.131
0.16
0.137
0.133
0.137
0.135
0.135
0.099
0.094
0.145
0.105
0.095
0.094
0.136
0.137
0.133
0.137
0.291
0.141
0.137
0.18
0.136
0.135
0.131
0.096
0.122
0.1
0.095
0.096
0.12
0.103
0.094
0.13
0.225
0.22
0.216
0.247
0.158
0.138
0.133
0.132
0.133
0.162
0.135
0.205
0.134
0.18
0.254
0.136
0.135
0.161
0.131
0.135
0.134
0.135
0.168
0.138
0.134
0.183
0.136
0.131
0.137
0.161
0.135
0.133
0.132
0.163
0.166
0.131
0.139
0.131
0.097
0.099
0.098
0.095
0.104
0.221
0.142
0.133
0.194
0.134
0.16
0.132
0.131
0.139
0.1
0.095
0.124
0.218
0.096
0.095
0.218
0.099
0.22
0.273
0.163
0.135
0.137
0.131
0.138
0.097
0.095
0.141
0.096
0.104
0.134
0.137
0.132
0.134
0.137
0.16
0.139
0.132
0.099
0.222
0.094
0.098
0.094
0.099
0.1
0.095
0.167
0.134
0.096
0.122
0.202
0.123
0.224
0.095
0.218
0.219
0.136
0.136
0.126
0.097
0.095
0.118
0.218
0.122
0.102
0.094
0.096
0.099
0.229
0.228
0.099
0.128
0.103
0.242
0.135
0.134
0.136
0.098
0.097
0.257
0.219
0.097
0.245
0.134
0.144
0.099
0.097
0.127
0.217
0.134
0.136
0.137
0.133
0.316
0.16
0.314
0.32
0.315
0.135
0.136
0.136
0.165
0.138
0.132
0.175
0.27
0.326
0.161
0.14
0.308
0.132
0.424
0.096
0.095
0.098
0.096
0.095
0.099
0.223
0.097
0.1
0.095
0.096
0.098
0.095
0.095
0.223
0.132
0.135
0.132
0.136
0.132
0.134
0.134
0.136
0.133
0.132
0.134
0.136
0.155
0.14
0.133
0.138
0.139
0.133
0.136
0.131
0.135
0.137
0.162
0.139
0.132
0.136
0.134
0.136
0.133
0.138
0.163
0.139
0.131
0.099
0.097
0.096
0.096
0.126
0.218
0.244
0.135
0.133
0.14
0.098
0.1
0.095
0.096
0.136
0.096
0.226
0.138
0.132
0.136
0.162
0.14
0.133
0.135
0.134
0.141
0.132
0.131
0.132
0.136
0.138
0.132
0.101
0.225
0.101
0.106
0.096
0.104
0.096
0.221
0.096
0.124
0.095
0.1
0.134
0.132
0.139
0.131
0.14
0.131
0.137
0.135
0.137
0.136
0.205
0.154
0.137
0.133
0.134
0.134
0.134
0.132
0.137
11.046
0.133
0.138
0.132
0.169
0.136
0.131
0.137
0.232
0.214
0.222
0.136
0.134
0.099
0.098
0.1
0.093
0.094
0.101
0.217
0.222
0.132
0.136
0.135
0.135
0.139
0.134
0.135
0.135
0.139
0.138
0.14
0.134
0.133
0.135
0.135
0.132
0.098
0.105
0.104
0.095
0.116
0.121
0.225
0.145
0.146
0.136
0.133
0.134
0.21
0.204
0.139
0.287
0.216
0.23
0.216
0.219
0.209
0.21
0.214
0.209
0.21
0.209
0.205
0.221
0.21
0.214
0.208
0.274
0.537
0.177
0.167
0.137
0.131
0.131
0.131
0.138
0.131
0.135
0.132
0.098
0.096
0.242
0.133
0.301
0.159
0.177
0.172
0.174
0.17
0.169
0.17
0.172
0.173
0.169
0.171
0.171
0.133
0.131
0.133
0.131
0.139
0.131
0.135
0.132
0.137
0.147
0.137
0.096
0.095
0.1
0.094
0.096
0.244
0.133
0.139
0.097
0.099
0.099
0.095
0.096
0.097
0.1
0.096
0.097
0.096
0.245
0.14
0.133
0.097
0.095
0.1
0.096
0.281
0.096
0.223
0.248
0.133
0.139
0.137
0.139
0.135
0.138
0.133
0.309
0.136
0.135
0.137
0.136
0.133
0.336
0.137
0.324
0.144
0.356
0.1
0.102
0.119
0.11
0.106
0.106
0.111
0.238
0.174
0.19
0.396
0.442
0.373
0.213
0.205
0.155
0.16
0.154
0.157
0.15
0.157
0.154
0.153
0.162
0.214
0.206
0.21
0.208
0.203
0.207
0.161
0.164
0.158
0.166
0.167
0.158
0.125
0.264
0.164
0.162
0.167
0.158
0.159
0.158
0.16
0.166
0.159
0.163
0.163
0.162
0.161
0.169
0.162
0.164
0.159
0.16
0.159
0.166
0.16
0.164
0.159
0.12
0.118
0.167
0.168
0.16
0.446
0.204
0.208
0.206
0.204
0.211
0.203
0.207
0.204
0.208
0.119
0.112
0.111
0.109
0.114
0.113
0.125
0.254
0.262
0.162
0.156
0.111
0.107
0.114
0.11
0.107
0.114
0.108
0.245
0.15
0.155
0.146
0.153
0.148
0.107
0.108
0.244
0.338
0.263
0.251
0.307
0.11
0.105
0.109
0.105
0.107
0.109
0.244
0.301
0.107
0.139
0.334
0.311
1.017
0.259
0.277
0.448
0.48
0.473
0.259
0.277
0.606
0.594
0.255
0.265
0.415
0.438
0.56
0.26
0.264
0.256
0.378
0.257
0.272
0.357
0.272
0.255
0.675
0.649
0.266
0.23
0.195
0.256
0.197
0.184
0.485
0.43
0.258
0.268
0.283
0.281
0.255
0.3
0.271
0.258
0.304
0.265
0.263
0.259
0.271
0.256
0.611
0.647
0.364
0.321
0.27
0.271
0.268
0.263
0.267
0.256
0.319
0.254
0.264
0.424
0.855
1.869
0.381
0.258
0.253
0.255
0.324
0.255
0.411
0.289
0.267
0.43
0.199
0.187
0.184
0.243
0.192
0.34
0.363
0.778
0.614
0.263
0.259
0.302
0.269
0.256
0.315
0.257
0.257
0.626
0.494
0.433
0.274
0.257
0.266
0.258
0.272
0.255
0.257
0.31
0.255
0.26
0.264
0.341
0.266
0.27
0.259
0.257
0.271
0.195
0.192
0.183
0.193
0.186
0.182
0.197
0.187
0.188
0.421
0.186
0.258
0.262
0.274
0.348
0.261
0.191
0.238
0.259
0.256
0.26
0.303
0.271
0.189
0.195
0.19
0.188
0.196
0.49
0.267
0.29
0.259
0.267
0.259
0.259
0.256
0.301
0.268
0.194
0.184
0.474
0.257
0.866
0.356
0.379
0.334
1.083
0.276
0.268
0.314
0.256
0.362
0.34
0.275
0.255
0.285
0.35
0.26
0.269
0.261
0.257
0.286
0.192
0.194
0.185
0.43
0.252
0.198
0.424
0.427
0.723
0.717
0.599
0.419
0.486
0.421
0.481
0.417
1.13
0.375
0.349
0.337
0.313
0.385
0.368
0.879
0.873
0.375
0.275
0.329
0.267
0.29
0.329
0.269
0.26
0.27
0.659
0.261
0.662
0.36
0.369
0.319
0.255
0.248
0.252
0.244
0.254
0.242
0.25
0.248
0.258
0.278
0.25
0.244
0.247
0.251
0.59
0.258
0.253
0.252
0.26
0.218
0.212
0.26
0.214
0.216
0.158
0.183
0.178
0.353
0.386
0.219
0.212
0.208
0.215
0.21
0.215
0.221
0.495
0.221
0.51
0.593
0.225
0.152
0.14
0.181
0.139
0.241
0.136
0.134
0.135
0.135
0.139
0.133
0.141
0.131
0.137
0.161
0.141
0.132
0.176
0.168
0.18
0.189
0.222
0.24
0.216
0.223
0.21
0.316
0.221
0.217
0.216
0.21
0.257
0.222
0.228
0.218
0.154
0.16
0.158
0.151
0.357
0.161
0.152
0.144
0.159
0.152
0.149
0.144
0.368
0.267
0.219
0.225
0.156
0.169
0.159
0.205
0.162
0.196
0.274
0.221
0.214
0.218
0.211
0.218
0.215
0.221
0.215
0.221
0.223
0.225
0.226
0.209
0.223
0.221
0.214
0.221
0.228
0.51
0.209
0.541
0.316
0.279
0.272
0.276
0.22
0.221
0.213
0.22
0.208
0.22
0.209
0.226
0.213
0.152
0.16
0.153
0.151
0.409
0.161
0.379
0.158
0.15
0.213
0.206
0.203
0.209
0.206
0.156
0.145
0.146
0.156
0.333
0.331
0.333
0.395
0.15
0.188
0.181
0.185
0.196
0.575
0.159
0.408
0.223
0.272
0.138
0.098
0.095
0.099
0.094
0.222
0.095
0.22
0.218
0.224
0.223
0.226
0.281
0.138
0.206
0.245
0.218
0.209
0.211
0.24
0.212
0.212
0.202
0.211
0.209
0.206
0.204
0.209
0.226
0.203
0.208
0.201
0.213
0.273
0.263
0.298
0.149
0.154
0.146
0.149
0.154
0.354
0.248
0.142
0.141
0.137
0.152
0.139
0.247
0.589
0.16
0.167
0.313
0.265
0.265
0.265
0.275
0.271
0.372
0.203
0.111
0.414
0.28
0.11
0.321
0.142
0.439
0.238
0.244
0.259
0.177
0.215
0.151
0.109
0.108
0.108
0.109
0.15
0.153
0.111
0.159
1.572
0.717
0.253
0.238
0.231
0.261
0.241
0.241
0.234
0.696
0.261
0.575
0.535
0.541
0.59
0.294
0.165
0.166
0.169
0.165
0.382
0.382
0.163
0.236
0.229
0.227
0.25
0.226
0.225
0.242
0.304
0.227
0.164
0.375
0.2
0.157
0.185
0.164
0.116
0.109
0.178
0.168
0.484
0.407
0.457
0.539
0.352
0.308
0.486
0.506
0.378
0.393
0.379
0.591
0.296
0.172
0.178
0.23
0.347
0.412
0.687
0.216
0.213
0.327
0.33
0.367
0.262
0.253
0.249
0.264
0.262
0.269
0.38
0.248
0.25
0.237
0.239
0.247
0.237
0.612
0.254
0.249
0.264
0.279
0.279
0.25
0.28
0.334
0.381
0.325
0.32
0.333
0.355
2.158
0.26
0.294
0.281
0.187
0.347
0.257
0.243
0.648
0.186
0.215
0.328
0.282
0.284
0.28
0.363
0.898
0.475
0.735
0.27
0.251
0.204
0.124
0.196
0.204
0.429
0.326
0.553
0.993
0.419
0.729
0.4
0.54
0.812
0.326
0.215
0.22
0.22
0.264
0.254
0.24
1.003
0.609
0.29
0.596
0.806
0.841
0.364
0.816
0.312
0.728
0.805
0.824
1.412
0.403
0.441
0.206
0.206
0.382
0.2
0.602
0.199
0.495
0.461
0.75
0.434
0.348
0.404
0.459
0.253
0.172
0.28
0.259
0.39
0.47
0.341
0.436
0.164
0.255
0.263
0.226
0.228
0.254
0.231
0.313
0.297
0.286
0.229
0.457
0.436
0.305
0.482
1.592
0.558
0.222
0.194
0.263
0.443
0.166
0.437
0.431
0.454
0.427
0.338
1.356
1.381
1.563
0.416
0.421
0.573
0.276
0.225
0.164
0.296
0.26
0.3
0.275
0.334
0.284
0.3
0.357
0.331
0.532
0.302
0.409
0.319
0.342
0.329
0.383
0.331
0.372
0.634
0.732
0.577
0.463
0.496
0.295
0.213
0.264
0.294
0.267
0.259
0.164
0.191
0.199
0.243
0.238
0.32
0.229
0.362
0.408
0.808
0.347
0.344
0.297
4.253
0.454
0.395
0.272
0.204
0.214
0.289
0.294
0.306
0.299
0.284
0.381
0.306
0.28
1.967
0.476
1.625
1.034
0.492
3.224
1.622
0.409
0.337
0.397
0.371
0.287
0.733
0.313
0.699
0.758
0.307
0.327
3.955
0.337
0.417
0.252
0.254
0.249
0.443
0.309
0.173
0.212
0.339
0.496
0.384
0.447
0.438
0.213
0.187
0.246
0.18
0.159
0.199
0.163
0.171
0.248
0.259
0.257
0.243
0.253
0.249
0.249
0.254
0.242
0.244
0.245
0.243
0.339
0.401
0.335
0.462
0.356
0.316
0.313
0.315
0.358
0.381
0.357
0.356
0.322
0.476
0.355
0.239
0.27
0.221
0.225
0.28
0.284
0.17
0.163
0.167
0.118
0.164
0.261
0.374
0.221
0.313
0.211
0.315
0.215
0.247
0.265
0.26
0.268
0.266
0.311
0.308
0.262
0.327
0.164
0.168
0.272
0.211
0.284
0.207
0.192
0.173
0.485
0.432
0.393
0.326
0.314
0.287
0.327
0.409
0.165
0.177
0.224
0.213
0.171
0.189
0.167
0.633
0.676
0.63
0.176
0.202
0.59
0.466
0.388
0.414
0.319
0.121
0.115
0.119
0.115
0.116
0.118
0.394
0.183
0.277
0.259
0.273
0.265
0.298
0.255
0.292
0.266
0.255
0.126
0.112
0.118
0.197
0.115
0.244
0.207
0.201
0.117
0.197
0.255
0.25
0.199
0.55
0.258
0.283
0.117
0.502
0.27
0.124
0.318
0.172
0.16
0.167
0.126
0.125
0.137
0.196
0.181
0.125
0.301
0.236
0.429
0.364
0.391
0.273
0.203
0.208
0.345
0.337
0.368
1.07
0.371
0.426
0.243
0.232
0.24
0.232
0.234
0.226
0.234
0.23
0.397
0.445
0.473
0.476
0.263
0.249
0.253
0.249
0.16
0.222
0.256
0.242
0.265
0.259
0.247
0.195
0.208
0.122
0.141
0.27
0.117
0.117
0.122
0.149
0.179
0.177
0.163
0.157
0.159
0.158
0.156
0.208
0.161
0.118
0.113
0.117
0.113
0.111
0.111
0.116
0.114
0.268
0.265
0.287
0.165
0.114
0.121
0.113
0.111
0.117
0.262
0.361
0.276
0.161
0.16
0.152
0.159
0.157
0.161
0.17
0.191
0.214
0.256
0.164
0.304
0.277
0.425
0.422
0.405
0.397
0.341
0.255
0.252
0.218
0.17
0.159
0.174
0.162
0.241
0.161
0.156
0.158
0.16
0.155
0.154
0.157
0.176
0.161
0.162
0.187
0.261
0.262
0.212
0.253
0.165
0.376
0.316
0.249
0.131
0.126
0.126
0.143
0.123
0.406
0.122
0.271
0.301
0.136
0.115
0.12
0.116
0.191
0.125
0.161
0.159
0.256
0.152
0.162
0.275
0.33
0.229
0.303
0.368
0.351
0.36
0.342
0.188
0.824
0.484
0.262
0.262
0.169
0.165
0.161
0.166
0.162
0.168
0.118
0.146
0.119
0.116
0.121
0.263
0.263
0.283
0.17
0.182
0.159
0.16
0.387
0.196
0.217
0.166
0.169
0.16
0.2
0.165
